01,01,2011	  72.50,   20.50,   21.1
01,01,2011	  73.50,   20.50,   20.7
02,01,2011	  72.50,   20.50,   21.9
02,01,2011	  73.50,   20.50,   21.3
03,01,2011	  72.50,   20.50,   22.8
03,01,2011	  73.50,   20.50,   22.2
04,01,2011	  72.50,   20.50,   21.8
04,01,2011	  73.50,   20.50,   21.8
05,01,2011	  72.50,   20.50,   22.1
05,01,2011	  73.50,   20.50,   21.4
06,01,2011	  72.50,   20.50,   21.4
06,01,2011	  73.50,   20.50,   20.3
07,01,2011	  72.50,   20.50,   20.4
07,01,2011	  73.50,   20.50,   19.5
08,01,2011	  72.50,   20.50,   20.8
08,01,2011	  73.50,   20.50,   20.2
09,01,2011	  72.50,   20.50,   20.6
09,01,2011	  73.50,   20.50,   19.6
10,01,2011	  72.50,   20.50,   21.0
10,01,2011	  73.50,   20.50,   20.3
11,01,2011	  72.50,   20.50,   18.4
11,01,2011	  73.50,   20.50,   17.7
12,01,2011	  72.50,   20.50,   17.9
12,01,2011	  73.50,   20.50,   17.4
13,01,2011	  72.50,   20.50,   17.6
13,01,2011	  73.50,   20.50,   17.3
14,01,2011	  72.50,   20.50,   19.0
14,01,2011	  73.50,   20.50,   18.4
15,01,2011	  72.50,   20.50,   19.0
15,01,2011	  73.50,   20.50,   18.4
16,01,2011	  72.50,   20.50,   20.5
16,01,2011	  73.50,   20.50,   19.2
17,01,2011	  72.50,   20.50,   19.5
17,01,2011	  73.50,   20.50,   19.0
18,01,2011	  72.50,   20.50,   19.0
18,01,2011	  73.50,   20.50,   18.6
19,01,2011	  72.50,   20.50,   18.6
19,01,2011	  73.50,   20.50,   18.7
20,01,2011	  72.50,   20.50,   18.4
20,01,2011	  73.50,   20.50,   18.3
21,01,2011	  72.50,   20.50,   19.5
21,01,2011	  73.50,   20.50,   19.3
22,01,2011	  72.50,   20.50,   20.1
22,01,2011	  73.50,   20.50,   20.0
23,01,2011	  72.50,   20.50,   20.6
23,01,2011	  73.50,   20.50,   20.4
24,01,2011	  72.50,   20.50,   19.5
24,01,2011	  73.50,   20.50,   19.3
25,01,2011	  72.50,   20.50,   19.8
25,01,2011	  73.50,   20.50,   19.3
26,01,2011	  72.50,   20.50,   20.0
26,01,2011	  73.50,   20.50,   19.6
27,01,2011	  72.50,   20.50,   21.0
27,01,2011	  73.50,   20.50,   20.0
28,01,2011	  72.50,   20.50,   19.7
28,01,2011	  73.50,   20.50,   19.1
29,01,2011	  72.50,   20.50,   20.0
29,01,2011	  73.50,   20.50,   19.6
30,01,2011	  72.50,   20.50,   20.7
30,01,2011	  73.50,   20.50,   20.1
31,01,2011	  72.50,   20.50,   20.4
31,01,2011	  73.50,   20.50,   19.9
01,02,2011	  72.50,   20.50,   20.4
01,02,2011	  73.50,   20.50,   20.2
02,02,2011	  72.50,   20.50,   20.1
02,02,2011	  73.50,   20.50,   19.9
03,02,2011	  72.50,   20.50,   20.4
03,02,2011	  73.50,   20.50,   20.0
04,02,2011	  72.50,   20.50,   21.1
04,02,2011	  73.50,   20.50,   20.7
05,02,2011	  72.50,   20.50,   18.9
05,02,2011	  73.50,   20.50,   19.1
06,02,2011	  72.50,   20.50,   18.7
06,02,2011	  73.50,   20.50,   18.5
07,02,2011	  72.50,   20.50,   19.9
07,02,2011	  73.50,   20.50,   19.4
08,02,2011	  72.50,   20.50,   18.8
08,02,2011	  73.50,   20.50,   18.3
09,02,2011	  72.50,   20.50,   18.8
09,02,2011	  73.50,   20.50,   18.5
10,02,2011	  72.50,   20.50,   17.6
10,02,2011	  73.50,   20.50,   17.5
11,02,2011	  72.50,   20.50,   18.2
11,02,2011	  73.50,   20.50,   17.8
12,02,2011	  72.50,   20.50,   18.7
12,02,2011	  73.50,   20.50,   18.6
13,02,2011	  72.50,   20.50,   17.6
13,02,2011	  73.50,   20.50,   17.6
14,02,2011	  72.50,   20.50,   17.2
14,02,2011	  73.50,   20.50,   17.3
15,02,2011	  72.50,   20.50,   19.1
15,02,2011	  73.50,   20.50,   18.7
16,02,2011	  72.50,   20.50,   21.1
16,02,2011	  73.50,   20.50,   20.8
17,02,2011	  72.50,   20.50,   21.6
17,02,2011	  73.50,   20.50,   21.4
18,02,2011	  72.50,   20.50,   22.8
18,02,2011	  73.50,   20.50,   22.4
19,02,2011	  72.50,   20.50,   23.3
19,02,2011	  73.50,   20.50,   23.0
20,02,2011	  72.50,   20.50,   23.1
20,02,2011	  73.50,   20.50,   23.0
21,02,2011	  72.50,   20.50,   24.4
21,02,2011	  73.50,   20.50,   24.4
22,02,2011	  72.50,   20.50,   23.4
22,02,2011	  73.50,   20.50,   22.4
23,02,2011	  72.50,   20.50,   22.9
23,02,2011	  73.50,   20.50,   22.5
24,02,2011	  72.50,   20.50,   22.9
24,02,2011	  73.50,   20.50,   22.4
25,02,2011	  72.50,   20.50,   22.5
25,02,2011	  73.50,   20.50,   22.3
26,02,2011	  72.50,   20.50,   22.4
26,02,2011	  73.50,   20.50,   22.1
27,02,2011	  72.50,   20.50,   21.8
27,02,2011	  73.50,   20.50,   21.5
28,02,2011	  72.50,   20.50,   21.3
28,02,2011	  73.50,   20.50,   21.1
29,02,2011	  72.50,   20.50,   21.5
29,02,2011	  73.50,   20.50,   21.5
01,03,2011	  72.50,   20.50,   20.7
01,03,2011	  73.50,   20.50,   20.9
02,03,2011	  72.50,   20.50,   18.9
02,03,2011	  73.50,   20.50,   19.3
03,03,2011	  72.50,   20.50,   19.8
03,03,2011	  73.50,   20.50,   19.7
04,03,2011	  72.50,   20.50,   19.9
04,03,2011	  73.50,   20.50,   19.5
05,03,2011	  72.50,   20.50,   20.0
05,03,2011	  73.50,   20.50,   19.4
06,03,2011	  72.50,   20.50,   19.9
06,03,2011	  73.50,   20.50,   19.6
07,03,2011	  72.50,   20.50,   20.1
07,03,2011	  73.50,   20.50,   20.4
08,03,2011	  72.50,   20.50,   21.7
08,03,2011	  73.50,   20.50,   21.9
09,03,2011	  72.50,   20.50,   20.9
09,03,2011	  73.50,   20.50,   21.0
10,03,2011	  72.50,   20.50,   21.4
10,03,2011	  73.50,   20.50,   21.7
11,03,2011	  72.50,   20.50,   22.5
11,03,2011	  73.50,   20.50,   22.5
12,03,2011	  72.50,   20.50,   22.4
12,03,2011	  73.50,   20.50,   22.2
13,03,2011	  72.50,   20.50,   23.3
13,03,2011	  73.50,   20.50,   23.2
14,03,2011	  72.50,   20.50,   22.8
14,03,2011	  73.50,   20.50,   22.7
15,03,2011	  72.50,   20.50,   22.6
15,03,2011	  73.50,   20.50,   22.4
16,03,2011	  72.50,   20.50,   22.2
16,03,2011	  73.50,   20.50,   22.1
17,03,2011	  72.50,   20.50,   21.4
17,03,2011	  73.50,   20.50,   21.4
18,03,2011	  72.50,   20.50,   20.7
18,03,2011	  73.50,   20.50,   20.6
19,03,2011	  72.50,   20.50,   21.8
19,03,2011	  73.50,   20.50,   21.6
20,03,2011	  72.50,   20.50,   23.4
20,03,2011	  73.50,   20.50,   23.1
21,03,2011	  72.50,   20.50,   24.2
21,03,2011	  73.50,   20.50,   24.1
22,03,2011	  72.50,   20.50,   23.8
22,03,2011	  73.50,   20.50,   23.7
23,03,2011	  72.50,   20.50,   22.8
23,03,2011	  73.50,   20.50,   22.6
24,03,2011	  72.50,   20.50,   24.9
24,03,2011	  73.50,   20.50,   24.4
25,03,2011	  72.50,   20.50,   24.3
25,03,2011	  73.50,   20.50,   24.1
26,03,2011	  72.50,   20.50,   24.4
26,03,2011	  73.50,   20.50,   24.2
27,03,2011	  72.50,   20.50,   24.2
27,03,2011	  73.50,   20.50,   24.0
28,03,2011	  72.50,   20.50,   24.0
28,03,2011	  73.50,   20.50,   23.8
29,03,2011	  72.50,   20.50,   24.0
29,03,2011	  73.50,   20.50,   24.0
30,03,2011	  72.50,   20.50,   24.0
30,03,2011	  73.50,   20.50,   24.1
31,03,2011	  72.50,   20.50,   24.4
31,03,2011	  73.50,   20.50,   24.4
01,04,2011	  72.50,   20.50,   25.4
01,04,2011	  73.50,   20.50,   25.5
02,04,2011	  72.50,   20.50,   25.4
02,04,2011	  73.50,   20.50,   25.5
03,04,2011	  72.50,   20.50,   25.5
03,04,2011	  73.50,   20.50,   25.4
04,04,2011	  72.50,   20.50,   25.3
04,04,2011	  73.50,   20.50,   25.2
05,04,2011	  72.50,   20.50,   25.8
05,04,2011	  73.50,   20.50,   25.8
06,04,2011	  72.50,   20.50,   24.1
06,04,2011	  73.50,   20.50,   24.3
07,04,2011	  72.50,   20.50,   24.2
07,04,2011	  73.50,   20.50,   24.1
08,04,2011	  72.50,   20.50,   24.9
08,04,2011	  73.50,   20.50,   24.8
09,04,2011	  72.50,   20.50,   25.1
09,04,2011	  73.50,   20.50,   24.8
10,04,2011	  72.50,   20.50,   25.0
10,04,2011	  73.50,   20.50,   24.9
11,04,2011	  72.50,   20.50,   24.7
11,04,2011	  73.50,   20.50,   24.6
12,04,2011	  72.50,   20.50,   25.6
12,04,2011	  73.50,   20.50,   25.3
13,04,2011	  72.50,   20.50,   25.6
13,04,2011	  73.50,   20.50,   25.4
14,04,2011	  72.50,   20.50,   25.9
14,04,2011	  73.50,   20.50,   25.9
15,04,2011	  72.50,   20.50,   24.8
15,04,2011	  73.50,   20.50,   24.9
16,04,2011	  72.50,   20.50,   25.7
16,04,2011	  73.50,   20.50,   25.7
17,04,2011	  72.50,   20.50,   26.1
17,04,2011	  73.50,   20.50,   25.9
18,04,2011	  72.50,   20.50,   25.9
18,04,2011	  73.50,   20.50,   26.1
19,04,2011	  72.50,   20.50,   26.1
19,04,2011	  73.50,   20.50,   26.4
20,04,2011	  72.50,   20.50,   25.6
20,04,2011	  73.50,   20.50,   26.1
21,04,2011	  72.50,   20.50,   25.0
21,04,2011	  73.50,   20.50,   25.0
22,04,2011	  72.50,   20.50,   23.5
22,04,2011	  73.50,   20.50,   23.7
23,04,2011	  72.50,   20.50,   23.9
23,04,2011	  73.50,   20.50,   24.3
24,04,2011	  72.50,   20.50,   24.3
24,04,2011	  73.50,   20.50,   25.0
25,04,2011	  72.50,   20.50,   24.7
25,04,2011	  73.50,   20.50,   25.1
26,04,2011	  72.50,   20.50,   25.1
26,04,2011	  73.50,   20.50,   25.1
27,04,2011	  72.50,   20.50,   25.6
27,04,2011	  73.50,   20.50,   25.5
28,04,2011	  72.50,   20.50,   26.1
28,04,2011	  73.50,   20.50,   26.5
29,04,2011	  72.50,   20.50,   25.4
29,04,2011	  73.50,   20.50,   26.0
30,04,2011	  72.50,   20.50,   26.2
30,04,2011	  73.50,   20.50,   26.5
01,05,2011	  72.50,   20.50,   26.6
01,05,2011	  73.50,   20.50,   26.6
02,05,2011	  72.50,   20.50,   27.6
02,05,2011	  73.50,   20.50,   27.6
03,05,2011	  72.50,   20.50,   25.9
03,05,2011	  73.50,   20.50,   26.9
04,05,2011	  72.50,   20.50,   26.6
04,05,2011	  73.50,   20.50,   26.9
05,05,2011	  72.50,   20.50,   26.6
05,05,2011	  73.50,   20.50,   26.7
06,05,2011	  72.50,   20.50,   27.3
06,05,2011	  73.50,   20.50,   27.6
07,05,2011	  72.50,   20.50,   26.6
07,05,2011	  73.50,   20.50,   27.4
08,05,2011	  72.50,   20.50,   26.5
08,05,2011	  73.50,   20.50,   27.3
09,05,2011	  72.50,   20.50,   26.8
09,05,2011	  73.50,   20.50,   27.4
10,05,2011	  72.50,   20.50,   26.5
10,05,2011	  73.50,   20.50,   26.9
11,05,2011	  72.50,   20.50,   26.8
11,05,2011	  73.50,   20.50,   27.2
12,05,2011	  72.50,   20.50,   26.6
12,05,2011	  73.50,   20.50,   26.9
13,05,2011	  72.50,   20.50,   26.8
13,05,2011	  73.50,   20.50,   27.2
14,05,2011	  72.50,   20.50,   26.9
14,05,2011	  73.50,   20.50,   27.0
15,05,2011	  72.50,   20.50,   26.8
15,05,2011	  73.50,   20.50,   26.8
16,05,2011	  72.50,   20.50,   26.7
16,05,2011	  73.50,   20.50,   26.8
17,05,2011	  72.50,   20.50,   27.0
17,05,2011	  73.50,   20.50,   26.9
18,05,2011	  72.50,   20.50,   27.0
18,05,2011	  73.50,   20.50,   27.1
19,05,2011	  72.50,   20.50,   26.8
19,05,2011	  73.50,   20.50,   26.7
20,05,2011	  72.50,   20.50,   24.9
20,05,2011	  73.50,   20.50,   24.8
21,05,2011	  72.50,   20.50,   26.7
21,05,2011	  73.50,   20.50,   26.7
22,05,2011	  72.50,   20.50,   26.9
22,05,2011	  73.50,   20.50,   27.1
23,05,2011	  72.50,   20.50,   27.4
23,05,2011	  73.50,   20.50,   27.5
24,05,2011	  72.50,   20.50,   27.4
24,05,2011	  73.50,   20.50,   27.5
25,05,2011	  72.50,   20.50,   27.0
25,05,2011	  73.50,   20.50,   26.6
26,05,2011	  72.50,   20.50,   27.2
26,05,2011	  73.50,   20.50,   27.0
27,05,2011	  72.50,   20.50,   27.3
27,05,2011	  73.50,   20.50,   26.9
28,05,2011	  72.50,   20.50,   28.0
28,05,2011	  73.50,   20.50,   27.9
29,05,2011	  72.50,   20.50,   28.1
29,05,2011	  73.50,   20.50,   28.3
30,05,2011	  72.50,   20.50,   27.5
30,05,2011	  73.50,   20.50,   27.9
31,05,2011	  72.50,   20.50,   26.5
31,05,2011	  73.50,   20.50,   26.4
01,06,2011	  72.50,   20.50,   26.2
01,06,2011	  73.50,   20.50,   26.4
02,06,2011	  72.50,   20.50,   26.5
02,06,2011	  73.50,   20.50,   26.5
03,06,2011	  72.50,   20.50,   26.9
03,06,2011	  73.50,   20.50,   27.4
04,06,2011	  72.50,   20.50,   26.1
04,06,2011	  73.50,   20.50,   26.4
05,06,2011	  72.50,   20.50,   27.2
05,06,2011	  73.50,   20.50,   26.9
06,06,2011	  72.50,   20.50,   25.8
06,06,2011	  73.50,   20.50,   25.1
07,06,2011	  72.50,   20.50,   26.7
07,06,2011	  73.50,   20.50,   26.3
08,06,2011	  72.50,   20.50,   26.1
08,06,2011	  73.50,   20.50,   25.8
09,06,2011	  72.50,   20.50,   26.5
09,06,2011	  73.50,   20.50,   26.8
10,06,2011	  72.50,   20.50,   25.4
10,06,2011	  73.50,   20.50,   24.8
11,06,2011	  72.50,   20.50,   27.0
11,06,2011	  73.50,   20.50,   26.7
12,06,2011	  72.50,   20.50,   27.3
12,06,2011	  73.50,   20.50,   27.5
13,06,2011	  72.50,   20.50,   27.3
13,06,2011	  73.50,   20.50,   27.5
14,06,2011	  72.50,   20.50,   25.5
14,06,2011	  73.50,   20.50,   25.6
15,06,2011	  72.50,   20.50,   27.0
15,06,2011	  73.50,   20.50,   27.2
16,06,2011	  72.50,   20.50,   27.1
16,06,2011	  73.50,   20.50,   27.2
17,06,2011	  72.50,   20.50,   26.5
17,06,2011	  73.50,   20.50,   26.8
18,06,2011	  72.50,   20.50,   26.9
18,06,2011	  73.50,   20.50,   27.3
19,06,2011	  72.50,   20.50,   27.0
19,06,2011	  73.50,   20.50,   27.4
20,06,2011	  72.50,   20.50,   27.0
20,06,2011	  73.50,   20.50,   26.7
21,06,2011	  72.50,   20.50,   25.8
21,06,2011	  73.50,   20.50,   26.1
22,06,2011	  72.50,   20.50,   27.1
22,06,2011	  73.50,   20.50,   27.4
23,06,2011	  72.50,   20.50,   27.2
23,06,2011	  73.50,   20.50,   27.3
24,06,2011	  72.50,   20.50,   26.4
24,06,2011	  73.50,   20.50,   26.0
25,06,2011	  72.50,   20.50,   26.3
25,06,2011	  73.50,   20.50,   26.4
26,06,2011	  72.50,   20.50,   26.9
26,06,2011	  73.50,   20.50,   26.0
27,06,2011	  72.50,   20.50,   27.3
27,06,2011	  73.50,   20.50,   27.0
28,06,2011	  72.50,   20.50,   26.7
28,06,2011	  73.50,   20.50,   26.6
29,06,2011	  72.50,   20.50,   27.1
29,06,2011	  73.50,   20.50,   27.3
30,06,2011	  72.50,   20.50,   27.0
30,06,2011	  73.50,   20.50,   27.1
01,07,2011	  72.50,   20.50,   25.2
01,07,2011	  73.50,   20.50,   25.1
02,07,2011	  72.50,   20.50,   25.3
02,07,2011	  73.50,   20.50,   25.2
03,07,2011	  72.50,   20.50,   25.3
03,07,2011	  73.50,   20.50,   25.1
04,07,2011	  72.50,   20.50,   25.0
04,07,2011	  73.50,   20.50,   24.7
05,07,2011	  72.50,   20.50,   25.1
05,07,2011	  73.50,   20.50,   24.3
06,07,2011	  72.50,   20.50,   25.1
06,07,2011	  73.50,   20.50,   24.8
07,07,2011	  72.50,   20.50,   25.9
07,07,2011	  73.50,   20.50,   25.9
08,07,2011	  72.50,   20.50,   26.3
08,07,2011	  73.50,   20.50,   26.2
09,07,2011	  72.50,   20.50,   25.7
09,07,2011	  73.50,   20.50,   26.2
10,07,2011	  72.50,   20.50,   26.8
10,07,2011	  73.50,   20.50,   27.0
11,07,2011	  72.50,   20.50,   26.0
11,07,2011	  73.50,   20.50,   25.9
12,07,2011	  72.50,   20.50,   25.2
12,07,2011	  73.50,   20.50,   24.6
13,07,2011	  72.50,   20.50,   26.1
13,07,2011	  73.50,   20.50,   25.9
14,07,2011	  72.50,   20.50,   26.8
14,07,2011	  73.50,   20.50,   26.5
15,07,2011	  72.50,   20.50,   26.6
15,07,2011	  73.50,   20.50,   26.6
16,07,2011	  72.50,   20.50,   26.2
16,07,2011	  73.50,   20.50,   26.3
17,07,2011	  72.50,   20.50,   26.5
17,07,2011	  73.50,   20.50,   26.8
18,07,2011	  72.50,   20.50,   26.8
18,07,2011	  73.50,   20.50,   27.1
19,07,2011	  72.50,   20.50,   26.6
19,07,2011	  73.50,   20.50,   26.8
20,07,2011	  72.50,   20.50,   26.4
20,07,2011	  73.50,   20.50,   25.9
21,07,2011	  72.50,   20.50,   26.2
21,07,2011	  73.50,   20.50,   25.7
22,07,2011	  72.50,   20.50,   26.2
22,07,2011	  73.50,   20.50,   25.9
23,07,2011	  72.50,   20.50,   26.0
23,07,2011	  73.50,   20.50,   26.1
24,07,2011	  72.50,   20.50,   25.7
24,07,2011	  73.50,   20.50,   25.9
25,07,2011	  72.50,   20.50,   24.4
25,07,2011	  73.50,   20.50,   24.1
26,07,2011	  72.50,   20.50,   24.3
26,07,2011	  73.50,   20.50,   24.1
27,07,2011	  72.50,   20.50,   24.5
27,07,2011	  73.50,   20.50,   24.6
28,07,2011	  72.50,   20.50,   25.5
28,07,2011	  73.50,   20.50,   25.6
29,07,2011	  72.50,   20.50,   25.4
29,07,2011	  73.50,   20.50,   25.2
30,07,2011	  72.50,   20.50,   25.6
30,07,2011	  73.50,   20.50,   25.4
31,07,2011	  72.50,   20.50,   25.8
31,07,2011	  73.50,   20.50,   25.7
01,08,2011	  72.50,   20.50,   25.8
01,08,2011	  73.50,   20.50,   25.7
02,08,2011	  72.50,   20.50,   25.7
02,08,2011	  73.50,   20.50,   25.2
03,08,2011	  72.50,   20.50,   25.9
03,08,2011	  73.50,   20.50,   25.2
04,08,2011	  72.50,   20.50,   25.6
04,08,2011	  73.50,   20.50,   25.4
05,08,2011	  72.50,   20.50,   25.7
05,08,2011	  73.50,   20.50,   25.8
06,08,2011	  72.50,   20.50,   26.0
06,08,2011	  73.50,   20.50,   26.0
07,08,2011	  72.50,   20.50,   26.1
07,08,2011	  73.50,   20.50,   26.3
08,08,2011	  72.50,   20.50,   25.4
08,08,2011	  73.50,   20.50,   25.6
09,08,2011	  72.50,   20.50,   25.9
09,08,2011	  73.50,   20.50,   26.1
10,08,2011	  72.50,   20.50,   24.9
10,08,2011	  73.50,   20.50,   25.0
11,08,2011	  72.50,   20.50,   25.2
11,08,2011	  73.50,   20.50,   25.5
12,08,2011	  72.50,   20.50,   26.3
12,08,2011	  73.50,   20.50,   26.5
13,08,2011	  72.50,   20.50,   25.8
13,08,2011	  73.50,   20.50,   26.3
14,08,2011	  72.50,   20.50,   25.6
14,08,2011	  73.50,   20.50,   25.6
15,08,2011	  72.50,   20.50,   24.6
15,08,2011	  73.50,   20.50,   25.2
16,08,2011	  72.50,   20.50,   24.5
16,08,2011	  73.50,   20.50,   24.4
17,08,2011	  72.50,   20.50,   24.0
17,08,2011	  73.50,   20.50,   24.4
18,08,2011	  72.50,   20.50,   24.6
18,08,2011	  73.50,   20.50,   24.1
19,08,2011	  72.50,   20.50,   25.1
19,08,2011	  73.50,   20.50,   24.7
20,08,2011	  72.50,   20.50,   24.9
20,08,2011	  73.50,   20.50,   24.6
21,08,2011	  72.50,   20.50,   25.2
21,08,2011	  73.50,   20.50,   25.2
22,08,2011	  72.50,   20.50,   25.1
22,08,2011	  73.50,   20.50,   25.2
23,08,2011	  72.50,   20.50,   24.5
23,08,2011	  73.50,   20.50,   24.2
24,08,2011	  72.50,   20.50,   24.7
24,08,2011	  73.50,   20.50,   24.5
25,08,2011	  72.50,   20.50,   24.8
25,08,2011	  73.50,   20.50,   24.6
26,08,2011	  72.50,   20.50,   25.0
26,08,2011	  73.50,   20.50,   24.8
27,08,2011	  72.50,   20.50,   24.9
27,08,2011	  73.50,   20.50,   24.6
28,08,2011	  72.50,   20.50,   25.5
28,08,2011	  73.50,   20.50,   25.4
29,08,2011	  72.50,   20.50,   25.8
29,08,2011	  73.50,   20.50,   25.7
30,08,2011	  72.50,   20.50,   25.0
30,08,2011	  73.50,   20.50,   24.9
31,08,2011	  72.50,   20.50,   25.5
31,08,2011	  73.50,   20.50,   25.8
01,09,2011	  72.50,   20.50,   25.5
01,09,2011	  73.50,   20.50,   25.3
02,09,2011	  72.50,   20.50,   25.0
02,09,2011	  73.50,   20.50,   25.1
03,09,2011	  72.50,   20.50,   25.4
03,09,2011	  73.50,   20.50,   25.6
04,09,2011	  72.50,   20.50,   25.6
04,09,2011	  73.50,   20.50,   25.6
05,09,2011	  72.50,   20.50,   24.6
05,09,2011	  73.50,   20.50,   24.9
06,09,2011	  72.50,   20.50,   25.4
06,09,2011	  73.50,   20.50,   25.3
07,09,2011	  72.50,   20.50,   25.4
07,09,2011	  73.50,   20.50,   25.6
08,09,2011	  72.50,   20.50,   25.3
08,09,2011	  73.50,   20.50,   25.6
09,09,2011	  72.50,   20.50,   25.1
09,09,2011	  73.50,   20.50,   25.1
10,09,2011	  72.50,   20.50,   25.0
10,09,2011	  73.50,   20.50,   25.5
11,09,2011	  72.50,   20.50,   24.4
11,09,2011	  73.50,   20.50,   24.6
12,09,2011	  72.50,   20.50,   24.1
12,09,2011	  73.50,   20.50,   24.6
13,09,2011	  72.50,   20.50,   24.8
13,09,2011	  73.50,   20.50,   24.3
14,09,2011	  72.50,   20.50,   25.1
14,09,2011	  73.50,   20.50,   24.6
15,09,2011	  72.50,   20.50,   24.4
15,09,2011	  73.50,   20.50,   24.2
16,09,2011	  72.50,   20.50,   25.4
16,09,2011	  73.50,   20.50,   25.3
17,09,2011	  72.50,   20.50,   25.0
17,09,2011	  73.50,   20.50,   25.4
18,09,2011	  72.50,   20.50,   26.0
18,09,2011	  73.50,   20.50,   26.0
19,09,2011	  72.50,   20.50,   25.0
19,09,2011	  73.50,   20.50,   24.7
20,09,2011	  72.50,   20.50,   25.3
20,09,2011	  73.50,   20.50,   25.5
21,09,2011	  72.50,   20.50,   25.0
21,09,2011	  73.50,   20.50,   25.1
22,09,2011	  72.50,   20.50,   25.0
22,09,2011	  73.50,   20.50,   24.8
23,09,2011	  72.50,   20.50,   24.8
23,09,2011	  73.50,   20.50,   24.8
24,09,2011	  72.50,   20.50,   25.3
24,09,2011	  73.50,   20.50,   25.2
25,09,2011	  72.50,   20.50,   24.9
25,09,2011	  73.50,   20.50,   25.0
26,09,2011	  72.50,   20.50,   24.5
26,09,2011	  73.50,   20.50,   24.7
27,09,2011	  72.50,   20.50,   24.8
27,09,2011	  73.50,   20.50,   24.8
28,09,2011	  72.50,   20.50,   25.0
28,09,2011	  73.50,   20.50,   24.7
29,09,2011	  72.50,   20.50,   24.3
29,09,2011	  73.50,   20.50,   24.7
30,09,2011	  72.50,   20.50,   24.3
30,09,2011	  73.50,   20.50,   24.6
01,10,2011	  72.50,   20.50,   25.1
01,10,2011	  73.50,   20.50,   25.1
02,10,2011	  72.50,   20.50,   25.5
02,10,2011	  73.50,   20.50,   25.5
03,10,2011	  72.50,   20.50,   24.2
03,10,2011	  73.50,   20.50,   24.4
04,10,2011	  72.50,   20.50,   24.5
04,10,2011	  73.50,   20.50,   24.7
05,10,2011	  72.50,   20.50,   25.3
05,10,2011	  73.50,   20.50,   25.0
06,10,2011	  72.50,   20.50,   23.8
06,10,2011	  73.50,   20.50,   23.7
07,10,2011	  72.50,   20.50,   24.4
07,10,2011	  73.50,   20.50,   24.9
08,10,2011	  72.50,   20.50,   24.5
08,10,2011	  73.50,   20.50,   24.6
09,10,2011	  72.50,   20.50,   24.5
09,10,2011	  73.50,   20.50,   24.6
10,10,2011	  72.50,   20.50,   24.7
10,10,2011	  73.50,   20.50,   24.7
11,10,2011	  72.50,   20.50,   24.4
11,10,2011	  73.50,   20.50,   24.2
12,10,2011	  72.50,   20.50,   24.0
12,10,2011	  73.50,   20.50,   24.0
13,10,2011	  72.50,   20.50,   25.3
13,10,2011	  73.50,   20.50,   25.0
14,10,2011	  72.50,   20.50,   25.0
14,10,2011	  73.50,   20.50,   24.9
15,10,2011	  72.50,   20.50,   25.1
15,10,2011	  73.50,   20.50,   25.0
16,10,2011	  72.50,   20.50,   24.5
16,10,2011	  73.50,   20.50,   24.5
17,10,2011	  72.50,   20.50,   24.2
17,10,2011	  73.50,   20.50,   24.2
18,10,2011	  72.50,   20.50,   23.8
18,10,2011	  73.50,   20.50,   23.5
19,10,2011	  72.50,   20.50,   23.9
19,10,2011	  73.50,   20.50,   23.4
20,10,2011	  72.50,   20.50,   24.3
20,10,2011	  73.50,   20.50,   24.0
21,10,2011	  72.50,   20.50,   24.9
21,10,2011	  73.50,   20.50,   24.6
22,10,2011	  72.50,   20.50,   24.6
22,10,2011	  73.50,   20.50,   24.6
23,10,2011	  72.50,   20.50,   23.6
23,10,2011	  73.50,   20.50,   23.4
24,10,2011	  72.50,   20.50,   23.7
24,10,2011	  73.50,   20.50,   23.4
25,10,2011	  72.50,   20.50,   22.9
25,10,2011	  73.50,   20.50,   22.6
26,10,2011	  72.50,   20.50,   23.0
26,10,2011	  73.50,   20.50,   22.9
27,10,2011	  72.50,   20.50,   23.2
27,10,2011	  73.50,   20.50,   23.0
28,10,2011	  72.50,   20.50,   23.4
28,10,2011	  73.50,   20.50,   23.0
29,10,2011	  72.50,   20.50,   22.9
29,10,2011	  73.50,   20.50,   22.7
30,10,2011	  72.50,   20.50,   23.4
30,10,2011	  73.50,   20.50,   23.3
31,10,2011	  72.50,   20.50,   22.9
31,10,2011	  73.50,   20.50,   22.6
01,11,2011	  72.50,   20.50,   22.9
01,11,2011	  73.50,   20.50,   22.5
02,11,2011	  72.50,   20.50,   22.7
02,11,2011	  73.50,   20.50,   22.5
03,11,2011	  72.50,   20.50,   22.6
03,11,2011	  73.50,   20.50,   22.2
04,11,2011	  72.50,   20.50,   23.7
04,11,2011	  73.50,   20.50,   23.1
05,11,2011	  72.50,   20.50,   23.6
05,11,2011	  73.50,   20.50,   22.9
06,11,2011	  72.50,   20.50,   22.1
06,11,2011	  73.50,   20.50,   21.4
07,11,2011	  72.50,   20.50,   20.7
07,11,2011	  73.50,   20.50,   20.3
08,11,2011	  72.50,   20.50,   20.1
08,11,2011	  73.50,   20.50,   20.2
09,11,2011	  72.50,   20.50,   20.3
09,11,2011	  73.50,   20.50,   20.5
10,11,2011	  72.50,   20.50,   21.9
10,11,2011	  73.50,   20.50,   21.8
11,11,2011	  72.50,   20.50,   21.9
11,11,2011	  73.50,   20.50,   21.6
12,11,2011	  72.50,   20.50,   22.0
12,11,2011	  73.50,   20.50,   21.8
13,11,2011	  72.50,   20.50,   22.3
13,11,2011	  73.50,   20.50,   22.2
14,11,2011	  72.50,   20.50,   21.5
14,11,2011	  73.50,   20.50,   21.4
15,11,2011	  72.50,   20.50,   21.8
15,11,2011	  73.50,   20.50,   21.5
16,11,2011	  72.50,   20.50,   22.7
16,11,2011	  73.50,   20.50,   22.1
17,11,2011	  72.50,   20.50,   22.2
17,11,2011	  73.50,   20.50,   21.7
18,11,2011	  72.50,   20.50,   21.0
18,11,2011	  73.50,   20.50,   20.3
19,11,2011	  72.50,   20.50,   20.8
19,11,2011	  73.50,   20.50,   20.4
20,11,2011	  72.50,   20.50,   21.1
20,11,2011	  73.50,   20.50,   20.6
21,11,2011	  72.50,   20.50,   21.0
21,11,2011	  73.50,   20.50,   20.6
22,11,2011	  72.50,   20.50,   21.4
22,11,2011	  73.50,   20.50,   21.0
23,11,2011	  72.50,   20.50,   22.3
23,11,2011	  73.50,   20.50,   21.8
24,11,2011	  72.50,   20.50,   22.5
24,11,2011	  73.50,   20.50,   22.3
25,11,2011	  72.50,   20.50,   22.9
25,11,2011	  73.50,   20.50,   22.7
26,11,2011	  72.50,   20.50,   23.0
26,11,2011	  73.50,   20.50,   22.9
27,11,2011	  72.50,   20.50,   22.8
27,11,2011	  73.50,   20.50,   22.4
28,11,2011	  72.50,   20.50,   23.2
28,11,2011	  73.50,   20.50,   22.7
29,11,2011	  72.50,   20.50,   23.4
29,11,2011	  73.50,   20.50,   23.1
30,11,2011	  72.50,   20.50,   23.8
30,11,2011	  73.50,   20.50,   23.3
01,12,2011	  72.50,   20.50,   22.9
01,12,2011	  73.50,   20.50,   22.4
02,12,2011	  72.50,   20.50,   22.4
02,12,2011	  73.50,   20.50,   22.0
03,12,2011	  72.50,   20.50,   22.8
03,12,2011	  73.50,   20.50,   22.7
04,12,2011	  72.50,   20.50,   22.1
04,12,2011	  73.50,   20.50,   22.0
05,12,2011	  72.50,   20.50,   21.9
05,12,2011	  73.50,   20.50,   21.9
06,12,2011	  72.50,   20.50,   21.7
06,12,2011	  73.50,   20.50,   21.4
07,12,2011	  72.50,   20.50,   21.4
07,12,2011	  73.50,   20.50,   20.8
08,12,2011	  72.50,   20.50,   22.6
08,12,2011	  73.50,   20.50,   22.4
09,12,2011	  72.50,   20.50,   23.6
09,12,2011	  73.50,   20.50,   23.4
10,12,2011	  72.50,   20.50,   23.4
10,12,2011	  73.50,   20.50,   23.0
11,12,2011	  72.50,   20.50,   23.1
11,12,2011	  73.50,   20.50,   22.8
12,12,2011	  72.50,   20.50,   23.0
12,12,2011	  73.50,   20.50,   22.4
13,12,2011	  72.50,   20.50,   21.9
13,12,2011	  73.50,   20.50,   21.3
14,12,2011	  72.50,   20.50,   21.8
14,12,2011	  73.50,   20.50,   21.3
15,12,2011	  72.50,   20.50,   20.8
15,12,2011	  73.50,   20.50,   20.6
16,12,2011	  72.50,   20.50,   20.2
16,12,2011	  73.50,   20.50,   20.2
17,12,2011	  72.50,   20.50,   20.0
17,12,2011	  73.50,   20.50,   19.7
18,12,2011	  72.50,   20.50,   20.4
18,12,2011	  73.50,   20.50,   19.9
19,12,2011	  72.50,   20.50,   20.7
19,12,2011	  73.50,   20.50,   20.0
20,12,2011	  72.50,   20.50,   20.0
20,12,2011	  73.50,   20.50,   19.7
21,12,2011	  72.50,   20.50,   19.4
21,12,2011	  73.50,   20.50,   19.2
22,12,2011	  72.50,   20.50,   19.5
22,12,2011	  73.50,   20.50,   18.8
23,12,2011	  72.50,   20.50,   19.4
23,12,2011	  73.50,   20.50,   19.0
24,12,2011	  72.50,   20.50,   18.7
24,12,2011	  73.50,   20.50,   18.3
25,12,2011	  72.50,   20.50,   18.5
25,12,2011	  73.50,   20.50,   18.1
26,12,2011	  72.50,   20.50,   17.5
26,12,2011	  73.50,   20.50,   17.3
27,12,2011	  72.50,   20.50,   17.6
27,12,2011	  73.50,   20.50,   17.8
28,12,2011	  72.50,   20.50,   20.4
28,12,2011	  73.50,   20.50,   20.6
29,12,2011	  72.50,   20.50,   21.9
29,12,2011	  73.50,   20.50,   22.0
30,12,2011	  72.50,   20.50,   20.1
30,12,2011	  73.50,   20.50,   20.0
