01,01,2016	  72.50,   20.50,   20.7
01,01,2016	  73.50,   20.50,   20.6
02,01,2016	  72.50,   20.50,   20.0
02,01,2016	  73.50,   20.50,   19.7
03,01,2016	  72.50,   20.50,   19.4
03,01,2016	  73.50,   20.50,   19.4
04,01,2016	  72.50,   20.50,   20.1
04,01,2016	  73.50,   20.50,   20.0
05,01,2016	  72.50,   20.50,   20.5
05,01,2016	  73.50,   20.50,   20.3
06,01,2016	  72.50,   20.50,   20.9
06,01,2016	  73.50,   20.50,   20.5
07,01,2016	  72.50,   20.50,   21.2
07,01,2016	  73.50,   20.50,   20.9
08,01,2016	  72.50,   20.50,   20.8
08,01,2016	  73.50,   20.50,   20.4
09,01,2016	  72.50,   20.50,   20.0
09,01,2016	  73.50,   20.50,   19.3
10,01,2016	  72.50,   20.50,   19.5
10,01,2016	  73.50,   20.50,   19.1
11,01,2016	  72.50,   20.50,   19.3
11,01,2016	  73.50,   20.50,   19.0
12,01,2016	  72.50,   20.50,   19.4
12,01,2016	  73.50,   20.50,   19.1
13,01,2016	  72.50,   20.50,   19.4
13,01,2016	  73.50,   20.50,   19.2
14,01,2016	  72.50,   20.50,   19.5
14,01,2016	  73.50,   20.50,   19.2
15,01,2016	  72.50,   20.50,   19.5
15,01,2016	  73.50,   20.50,   19.3
16,01,2016	  72.50,   20.50,   19.3
16,01,2016	  73.50,   20.50,   19.0
17,01,2016	  72.50,   20.50,   20.0
17,01,2016	  73.50,   20.50,   19.6
18,01,2016	  72.50,   20.50,   20.3
18,01,2016	  73.50,   20.50,   20.1
19,01,2016	  72.50,   20.50,   21.8
19,01,2016	  73.50,   20.50,   21.7
20,01,2016	  72.50,   20.50,   23.5
20,01,2016	  73.50,   20.50,   23.3
21,01,2016	  72.50,   20.50,   24.1
21,01,2016	  73.50,   20.50,   23.6
22,01,2016	  72.50,   20.50,   22.8
22,01,2016	  73.50,   20.50,   22.5
23,01,2016	  72.50,   20.50,   22.7
23,01,2016	  73.50,   20.50,   22.2
24,01,2016	  72.50,   20.50,   22.7
24,01,2016	  73.50,   20.50,   22.3
25,01,2016	  72.50,   20.50,   21.9
25,01,2016	  73.50,   20.50,   21.5
26,01,2016	  72.50,   20.50,   22.0
26,01,2016	  73.50,   20.50,   21.6
27,01,2016	  72.50,   20.50,   21.5
27,01,2016	  73.50,   20.50,   21.2
28,01,2016	  72.50,   20.50,   20.8
28,01,2016	  73.50,   20.50,   20.4
29,01,2016	  72.50,   20.50,   21.1
29,01,2016	  73.50,   20.50,   21.0
30,01,2016	  72.50,   20.50,   21.1
30,01,2016	  73.50,   20.50,   20.8
31,01,2016	  72.50,   20.50,   21.7
31,01,2016	  73.50,   20.50,   21.3
01,02,2016	  72.50,   20.50,   20.5
01,02,2016	  73.50,   20.50,   20.2
02,02,2016	  72.50,   20.50,   19.4
02,02,2016	  73.50,   20.50,   19.2
03,02,2016	  72.50,   20.50,   20.0
03,02,2016	  73.50,   20.50,   19.8
04,02,2016	  72.50,   20.50,   19.9
04,02,2016	  73.50,   20.50,   19.8
05,02,2016	  72.50,   20.50,   21.1
05,02,2016	  73.50,   20.50,   21.0
06,02,2016	  72.50,   20.50,   21.9
06,02,2016	  73.50,   20.50,   21.7
07,02,2016	  72.50,   20.50,   21.8
07,02,2016	  73.50,   20.50,   21.4
08,02,2016	  72.50,   20.50,   22.6
08,02,2016	  73.50,   20.50,   22.4
09,02,2016	  72.50,   20.50,   21.8
09,02,2016	  73.50,   20.50,   21.6
10,02,2016	  72.50,   20.50,   21.6
10,02,2016	  73.50,   20.50,   21.4
11,02,2016	  72.50,   20.50,   21.5
11,02,2016	  73.50,   20.50,   21.7
12,02,2016	  72.50,   20.50,   21.5
12,02,2016	  73.50,   20.50,   21.6
13,02,2016	  72.50,   20.50,   21.8
13,02,2016	  73.50,   20.50,   21.6
14,02,2016	  72.50,   20.50,   22.3
14,02,2016	  73.50,   20.50,   22.3
15,02,2016	  72.50,   20.50,   21.6
15,02,2016	  73.50,   20.50,   21.5
16,02,2016	  72.50,   20.50,   23.0
16,02,2016	  73.50,   20.50,   22.7
17,02,2016	  72.50,   20.50,   22.9
17,02,2016	  73.50,   20.50,   22.5
18,02,2016	  72.50,   20.50,   23.8
18,02,2016	  73.50,   20.50,   23.3
19,02,2016	  72.50,   20.50,   22.4
19,02,2016	  73.50,   20.50,   22.0
20,02,2016	  72.50,   20.50,   23.5
20,02,2016	  73.50,   20.50,   23.1
21,02,2016	  72.50,   20.50,   23.6
21,02,2016	  73.50,   20.50,   23.3
22,02,2016	  72.50,   20.50,   23.3
22,02,2016	  73.50,   20.50,   23.1
23,02,2016	  72.50,   20.50,   21.9
23,02,2016	  73.50,   20.50,   21.9
24,02,2016	  72.50,   20.50,   21.8
24,02,2016	  73.50,   20.50,   22.0
25,02,2016	  72.50,   20.50,   23.6
25,02,2016	  73.50,   20.50,   23.6
26,02,2016	  72.50,   20.50,   24.7
26,02,2016	  73.50,   20.50,   24.6
27,02,2016	  72.50,   20.50,   23.3
27,02,2016	  73.50,   20.50,   23.3
28,02,2016	  72.50,   20.50,   24.7
28,02,2016	  73.50,   20.50,   24.6
29,02,2016	  72.50,   20.50,   24.2
29,02,2016	  73.50,   20.50,   24.0
01,03,2016	  72.50,   20.50,   23.9
01,03,2016	  73.50,   20.50,   23.8
02,03,2016	  72.50,   20.50,   23.6
02,03,2016	  73.50,   20.50,   23.7
03,03,2016	  72.50,   20.50,   23.4
03,03,2016	  73.50,   20.50,   23.4
04,03,2016	  72.50,   20.50,   21.8
04,03,2016	  73.50,   20.50,   21.9
05,03,2016	  72.50,   20.50,   23.3
05,03,2016	  73.50,   20.50,   23.2
06,03,2016	  72.50,   20.50,   23.2
06,03,2016	  73.50,   20.50,   23.2
07,03,2016	  72.50,   20.50,   23.4
07,03,2016	  73.50,   20.50,   23.2
08,03,2016	  72.50,   20.50,   22.7
08,03,2016	  73.50,   20.50,   22.6
09,03,2016	  72.50,   20.50,   23.2
09,03,2016	  73.50,   20.50,   22.8
10,03,2016	  72.50,   20.50,   24.7
10,03,2016	  73.50,   20.50,   24.2
11,03,2016	  72.50,   20.50,   24.5
11,03,2016	  73.50,   20.50,   24.1
12,03,2016	  72.50,   20.50,   24.8
12,03,2016	  73.50,   20.50,   24.4
13,03,2016	  72.50,   20.50,   24.7
13,03,2016	  73.50,   20.50,   24.6
14,03,2016	  72.50,   20.50,   25.3
14,03,2016	  73.50,   20.50,   25.2
15,03,2016	  72.50,   20.50,   24.9
15,03,2016	  73.50,   20.50,   25.0
16,03,2016	  72.50,   20.50,   24.7
16,03,2016	  73.50,   20.50,   24.6
17,03,2016	  72.50,   20.50,   25.7
17,03,2016	  73.50,   20.50,   25.5
18,03,2016	  72.50,   20.50,   25.5
18,03,2016	  73.50,   20.50,   25.5
19,03,2016	  72.50,   20.50,   23.4
19,03,2016	  73.50,   20.50,   23.6
20,03,2016	  72.50,   20.50,   25.1
20,03,2016	  73.50,   20.50,   25.2
21,03,2016	  72.50,   20.50,   25.1
21,03,2016	  73.50,   20.50,   25.2
22,03,2016	  72.50,   20.50,   26.0
22,03,2016	  73.50,   20.50,   26.0
23,03,2016	  72.50,   20.50,   26.7
23,03,2016	  73.50,   20.50,   26.7
24,03,2016	  72.50,   20.50,   26.6
24,03,2016	  73.50,   20.50,   26.6
25,03,2016	  72.50,   20.50,   24.8
25,03,2016	  73.50,   20.50,   24.8
26,03,2016	  72.50,   20.50,   24.0
26,03,2016	  73.50,   20.50,   24.2
27,03,2016	  72.50,   20.50,   23.8
27,03,2016	  73.50,   20.50,   23.9
28,03,2016	  72.50,   20.50,   23.9
28,03,2016	  73.50,   20.50,   24.0
29,03,2016	  72.50,   20.50,   25.6
29,03,2016	  73.50,   20.50,   25.4
30,03,2016	  72.50,   20.50,   26.0
30,03,2016	  73.50,   20.50,   26.1
31,03,2016	  72.50,   20.50,   25.7
31,03,2016	  73.50,   20.50,   25.8
01,04,2016	  72.50,   20.50,   25.8
01,04,2016	  73.50,   20.50,   25.9
02,04,2016	  72.50,   20.50,   25.9
02,04,2016	  73.50,   20.50,   25.9
03,04,2016	  72.50,   20.50,   25.9
03,04,2016	  73.50,   20.50,   26.0
04,04,2016	  72.50,   20.50,   25.8
04,04,2016	  73.50,   20.50,   25.8
05,04,2016	  72.50,   20.50,   25.9
05,04,2016	  73.50,   20.50,   25.8
06,04,2016	  72.50,   20.50,   26.5
06,04,2016	  73.50,   20.50,   26.2
07,04,2016	  72.50,   20.50,   27.2
07,04,2016	  73.50,   20.50,   26.8
08,04,2016	  72.50,   20.50,   27.3
08,04,2016	  73.50,   20.50,   27.1
09,04,2016	  72.50,   20.50,   26.9
09,04,2016	  73.50,   20.50,   26.7
10,04,2016	  72.50,   20.50,   26.4
10,04,2016	  73.50,   20.50,   26.4
11,04,2016	  72.50,   20.50,   26.0
11,04,2016	  73.50,   20.50,   25.9
12,04,2016	  72.50,   20.50,   26.8
12,04,2016	  73.50,   20.50,   26.7
13,04,2016	  72.50,   20.50,   27.8
13,04,2016	  73.50,   20.50,   27.8
14,04,2016	  72.50,   20.50,   28.8
14,04,2016	  73.50,   20.50,   28.9
15,04,2016	  72.50,   20.50,   27.8
15,04,2016	  73.50,   20.50,   28.0
16,04,2016	  72.50,   20.50,   27.9
16,04,2016	  73.50,   20.50,   28.0
17,04,2016	  72.50,   20.50,   27.5
17,04,2016	  73.50,   20.50,   27.6
18,04,2016	  72.50,   20.50,   27.8
18,04,2016	  73.50,   20.50,   27.7
19,04,2016	  72.50,   20.50,   27.8
19,04,2016	  73.50,   20.50,   27.6
20,04,2016	  72.50,   20.50,   27.2
20,04,2016	  73.50,   20.50,   27.1
21,04,2016	  72.50,   20.50,   27.9
21,04,2016	  73.50,   20.50,   27.9
22,04,2016	  72.50,   20.50,   28.0
22,04,2016	  73.50,   20.50,   28.1
23,04,2016	  72.50,   20.50,   29.1
23,04,2016	  73.50,   20.50,   29.2
24,04,2016	  72.50,   20.50,   28.9
24,04,2016	  73.50,   20.50,   29.1
25,04,2016	  72.50,   20.50,   29.0
25,04,2016	  73.50,   20.50,   29.2
26,04,2016	  72.50,   20.50,   28.3
26,04,2016	  73.50,   20.50,   28.4
27,04,2016	  72.50,   20.50,   27.5
27,04,2016	  73.50,   20.50,   27.6
28,04,2016	  72.50,   20.50,   27.6
28,04,2016	  73.50,   20.50,   27.7
29,04,2016	  72.50,   20.50,   27.6
29,04,2016	  73.50,   20.50,   27.8
30,04,2016	  72.50,   20.50,   27.4
30,04,2016	  73.50,   20.50,   27.5
01,05,2016	  72.50,   20.50,   27.4
01,05,2016	  73.50,   20.50,   27.5
02,05,2016	  72.50,   20.50,   27.7
02,05,2016	  73.50,   20.50,   27.9
03,05,2016	  72.50,   20.50,   28.5
03,05,2016	  73.50,   20.50,   28.5
04,05,2016	  72.50,   20.50,   28.7
04,05,2016	  73.50,   20.50,   28.8
05,05,2016	  72.50,   20.50,   28.6
05,05,2016	  73.50,   20.50,   28.3
06,05,2016	  72.50,   20.50,   28.0
06,05,2016	  73.50,   20.50,   28.1
07,05,2016	  72.50,   20.50,   26.6
07,05,2016	  73.50,   20.50,   26.8
08,05,2016	  72.50,   20.50,   28.5
08,05,2016	  73.50,   20.50,   28.5
09,05,2016	  72.50,   20.50,   27.7
09,05,2016	  73.50,   20.50,   28.4
10,05,2016	  72.50,   20.50,   28.0
10,05,2016	  73.50,   20.50,   28.1
11,05,2016	  72.50,   20.50,   27.1
11,05,2016	  73.50,   20.50,   27.6
12,05,2016	  72.50,   20.50,   27.4
12,05,2016	  73.50,   20.50,   27.8
13,05,2016	  72.50,   20.50,   27.7
13,05,2016	  73.50,   20.50,   28.0
14,05,2016	  72.50,   20.50,   28.2
14,05,2016	  73.50,   20.50,   28.2
15,05,2016	  72.50,   20.50,   27.8
15,05,2016	  73.50,   20.50,   27.9
16,05,2016	  72.50,   20.50,   27.0
16,05,2016	  73.50,   20.50,   27.5
17,05,2016	  72.50,   20.50,   25.4
17,05,2016	  73.50,   20.50,   26.2
18,05,2016	  72.50,   20.50,   25.0
18,05,2016	  73.50,   20.50,   25.6
19,05,2016	  72.50,   20.50,   23.9
19,05,2016	  73.50,   20.50,   24.0
20,05,2016	  72.50,   20.50,   23.6
20,05,2016	  73.50,   20.50,   23.9
21,05,2016	  72.50,   20.50,   27.6
21,05,2016	  73.50,   20.50,   27.6
22,05,2016	  72.50,   20.50,   28.1
22,05,2016	  73.50,   20.50,   28.3
23,05,2016	  72.50,   20.50,   28.7
23,05,2016	  73.50,   20.50,   29.0
24,05,2016	  72.50,   20.50,   28.9
24,05,2016	  73.50,   20.50,   29.2
25,05,2016	  72.50,   20.50,   29.3
25,05,2016	  73.50,   20.50,   29.6
26,05,2016	  72.50,   20.50,   29.3
26,05,2016	  73.50,   20.50,   29.9
27,05,2016	  72.50,   20.50,   29.0
27,05,2016	  73.50,   20.50,   28.9
28,05,2016	  72.50,   20.50,   27.0
28,05,2016	  73.50,   20.50,   27.0
29,05,2016	  72.50,   20.50,   27.0
29,05,2016	  73.50,   20.50,   27.3
30,05,2016	  72.50,   20.50,   27.7
30,05,2016	  73.50,   20.50,   28.1
31,05,2016	  72.50,   20.50,   27.6
31,05,2016	  73.50,   20.50,   28.2
01,06,2016	  72.50,   20.50,   27.7
01,06,2016	  73.50,   20.50,   28.4
02,06,2016	  72.50,   20.50,   26.8
02,06,2016	  73.50,   20.50,   26.4
03,06,2016	  72.50,   20.50,   27.2
03,06,2016	  73.50,   20.50,   27.4
04,06,2016	  72.50,   20.50,   27.4
04,06,2016	  73.50,   20.50,   27.1
05,06,2016	  72.50,   20.50,   26.4
05,06,2016	  73.50,   20.50,   26.5
06,06,2016	  72.50,   20.50,   26.3
06,06,2016	  73.50,   20.50,   26.2
07,06,2016	  72.50,   20.50,   26.7
07,06,2016	  73.50,   20.50,   26.6
08,06,2016	  72.50,   20.50,   26.5
08,06,2016	  73.50,   20.50,   26.3
09,06,2016	  72.50,   20.50,   26.3
09,06,2016	  73.50,   20.50,   26.5
10,06,2016	  72.50,   20.50,   26.9
10,06,2016	  73.50,   20.50,   27.3
11,06,2016	  72.50,   20.50,   26.9
11,06,2016	  73.50,   20.50,   27.4
12,06,2016	  72.50,   20.50,   26.9
12,06,2016	  73.50,   20.50,   27.1
13,06,2016	  72.50,   20.50,   27.7
13,06,2016	  73.50,   20.50,   28.1
14,06,2016	  72.50,   20.50,   27.0
14,06,2016	  73.50,   20.50,   27.4
15,06,2016	  72.50,   20.50,   27.5
15,06,2016	  73.50,   20.50,   27.8
16,06,2016	  72.50,   20.50,   27.9
16,06,2016	  73.50,   20.50,   28.2
17,06,2016	  72.50,   20.50,   27.6
17,06,2016	  73.50,   20.50,   28.0
18,06,2016	  72.50,   20.50,   27.1
18,06,2016	  73.50,   20.50,   27.0
19,06,2016	  72.50,   20.50,   25.8
19,06,2016	  73.50,   20.50,   26.1
20,06,2016	  72.50,   20.50,   25.3
20,06,2016	  73.50,   20.50,   25.2
21,06,2016	  72.50,   20.50,   25.7
21,06,2016	  73.50,   20.50,   25.8
22,06,2016	  72.50,   20.50,   25.4
22,06,2016	  73.50,   20.50,   25.7
23,06,2016	  72.50,   20.50,   24.9
23,06,2016	  73.50,   20.50,   25.4
24,06,2016	  72.50,   20.50,   25.0
24,06,2016	  73.50,   20.50,   25.4
25,06,2016	  72.50,   20.50,   25.2
25,06,2016	  73.50,   20.50,   25.1
26,06,2016	  72.50,   20.50,   25.1
26,06,2016	  73.50,   20.50,   25.1
27,06,2016	  72.50,   20.50,   26.0
27,06,2016	  73.50,   20.50,   25.8
28,06,2016	  72.50,   20.50,   26.4
28,06,2016	  73.50,   20.50,   26.1
29,06,2016	  72.50,   20.50,   25.7
29,06,2016	  73.50,   20.50,   25.4
30,06,2016	  72.50,   20.50,   26.4
30,06,2016	  73.50,   20.50,   26.3
01,07,2016	  72.50,   20.50,   26.6
01,07,2016	  73.50,   20.50,   26.3
02,07,2016	  72.50,   20.50,   27.0
02,07,2016	  73.50,   20.50,   26.9
03,07,2016	  72.50,   20.50,   27.0
03,07,2016	  73.50,   20.50,   27.0
04,07,2016	  72.50,   20.50,   27.2
04,07,2016	  73.50,   20.50,   27.5
05,07,2016	  72.50,   20.50,   27.2
05,07,2016	  73.50,   20.50,   27.5
06,07,2016	  72.50,   20.50,   27.2
06,07,2016	  73.50,   20.50,   27.3
07,07,2016	  72.50,   20.50,   26.6
07,07,2016	  73.50,   20.50,   26.6
08,07,2016	  72.50,   20.50,   26.5
08,07,2016	  73.50,   20.50,   26.7
09,07,2016	  72.50,   20.50,   27.1
09,07,2016	  73.50,   20.50,   26.9
10,07,2016	  72.50,   20.50,   27.0
10,07,2016	  73.50,   20.50,   27.1
11,07,2016	  72.50,   20.50,   26.9
11,07,2016	  73.50,   20.50,   26.9
12,07,2016	  72.50,   20.50,   27.2
12,07,2016	  73.50,   20.50,   27.3
13,07,2016	  72.50,   20.50,   26.8
13,07,2016	  73.50,   20.50,   27.1
14,07,2016	  72.50,   20.50,   27.1
14,07,2016	  73.50,   20.50,   27.4
15,07,2016	  72.50,   20.50,   27.0
15,07,2016	  73.50,   20.50,   27.2
16,07,2016	  72.50,   20.50,   25.6
16,07,2016	  73.50,   20.50,   26.2
17,07,2016	  72.50,   20.50,   26.1
17,07,2016	  73.50,   20.50,   26.3
18,07,2016	  72.50,   20.50,   24.9
18,07,2016	  73.50,   20.50,   25.5
19,07,2016	  72.50,   20.50,   24.7
19,07,2016	  73.50,   20.50,   24.8
20,07,2016	  72.50,   20.50,   25.5
20,07,2016	  73.50,   20.50,   25.6
21,07,2016	  72.50,   20.50,   24.9
21,07,2016	  73.50,   20.50,   25.1
22,07,2016	  72.50,   20.50,   26.1
22,07,2016	  73.50,   20.50,   26.2
23,07,2016	  72.50,   20.50,   25.8
23,07,2016	  73.50,   20.50,   25.9
24,07,2016	  72.50,   20.50,   25.7
24,07,2016	  73.50,   20.50,   26.0
25,07,2016	  72.50,   20.50,   24.9
25,07,2016	  73.50,   20.50,   25.4
26,07,2016	  72.50,   20.50,   24.1
26,07,2016	  73.50,   20.50,   24.6
27,07,2016	  72.50,   20.50,   25.8
27,07,2016	  73.50,   20.50,   26.1
28,07,2016	  72.50,   20.50,   24.8
28,07,2016	  73.50,   20.50,   25.1
29,07,2016	  72.50,   20.50,   24.7
29,07,2016	  73.50,   20.50,   25.0
30,07,2016	  72.50,   20.50,   25.9
30,07,2016	  73.50,   20.50,   26.1
31,07,2016	  72.50,   20.50,   25.0
31,07,2016	  73.50,   20.50,   25.1
01,08,2016	  72.50,   20.50,   25.6
01,08,2016	  73.50,   20.50,   25.7
02,08,2016	  72.50,   20.50,   25.3
02,08,2016	  73.50,   20.50,   25.3
03,08,2016	  72.50,   20.50,   26.0
03,08,2016	  73.50,   20.50,   26.1
04,08,2016	  72.50,   20.50,   26.3
04,08,2016	  73.50,   20.50,   26.3
05,08,2016	  72.50,   20.50,   26.6
05,08,2016	  73.50,   20.50,   26.8
06,08,2016	  72.50,   20.50,   26.4
06,08,2016	  73.50,   20.50,   26.7
07,08,2016	  72.50,   20.50,   26.4
07,08,2016	  73.50,   20.50,   26.6
08,08,2016	  72.50,   20.50,   26.2
08,08,2016	  73.50,   20.50,   26.6
09,08,2016	  72.50,   20.50,   26.8
09,08,2016	  73.50,   20.50,   27.1
10,08,2016	  72.50,   20.50,   26.3
10,08,2016	  73.50,   20.50,   26.6
11,08,2016	  72.50,   20.50,   26.5
11,08,2016	  73.50,   20.50,   26.5
12,08,2016	  72.50,   20.50,   26.5
12,08,2016	  73.50,   20.50,   26.6
13,08,2016	  72.50,   20.50,   26.9
13,08,2016	  73.50,   20.50,   26.9
14,08,2016	  72.50,   20.50,   26.4
14,08,2016	  73.50,   20.50,   26.8
15,08,2016	  72.50,   20.50,   26.3
15,08,2016	  73.50,   20.50,   26.7
16,08,2016	  72.50,   20.50,   26.7
16,08,2016	  73.50,   20.50,   26.6
17,08,2016	  72.50,   20.50,   26.6
17,08,2016	  73.50,   20.50,   26.7
18,08,2016	  72.50,   20.50,   26.7
18,08,2016	  73.50,   20.50,   26.9
19,08,2016	  72.50,   20.50,   26.6
19,08,2016	  73.50,   20.50,   26.8
20,08,2016	  72.50,   20.50,   26.6
20,08,2016	  73.50,   20.50,   26.8
21,08,2016	  72.50,   20.50,   26.8
21,08,2016	  73.50,   20.50,   27.0
22,08,2016	  72.50,   20.50,   27.1
22,08,2016	  73.50,   20.50,   27.5
23,08,2016	  72.50,   20.50,   26.7
23,08,2016	  73.50,   20.50,   27.0
24,08,2016	  72.50,   20.50,   26.2
24,08,2016	  73.50,   20.50,   26.3
25,08,2016	  72.50,   20.50,   26.6
25,08,2016	  73.50,   20.50,   26.4
26,08,2016	  72.50,   20.50,   25.8
26,08,2016	  73.50,   20.50,   25.5
27,08,2016	  72.50,   20.50,   24.5
27,08,2016	  73.50,   20.50,   24.7
28,08,2016	  72.50,   20.50,   25.1
28,08,2016	  73.50,   20.50,   24.9
29,08,2016	  72.50,   20.50,   25.6
29,08,2016	  73.50,   20.50,   25.1
30,08,2016	  72.50,   20.50,   24.9
30,08,2016	  73.50,   20.50,   25.1
31,08,2016	  72.50,   20.50,   24.4
31,08,2016	  73.50,   20.50,   24.5
01,09,2016	  72.50,   20.50,   24.8
01,09,2016	  73.50,   20.50,   25.0
02,09,2016	  72.50,   20.50,   25.5
02,09,2016	  73.50,   20.50,   25.7
03,09,2016	  72.50,   20.50,   25.5
03,09,2016	  73.50,   20.50,   25.7
04,09,2016	  72.50,   20.50,   25.5
04,09,2016	  73.50,   20.50,   25.6
05,09,2016	  72.50,   20.50,   25.6
05,09,2016	  73.50,   20.50,   25.8
06,09,2016	  72.50,   20.50,   25.5
06,09,2016	  73.50,   20.50,   25.7
07,09,2016	  72.50,   20.50,   25.3
07,09,2016	  73.50,   20.50,   25.4
08,09,2016	  72.50,   20.50,   25.2
08,09,2016	  73.50,   20.50,   25.5
09,09,2016	  72.50,   20.50,   25.7
09,09,2016	  73.50,   20.50,   26.1
10,09,2016	  72.50,   20.50,   25.6
10,09,2016	  73.50,   20.50,   26.1
11,09,2016	  72.50,   20.50,   25.0
11,09,2016	  73.50,   20.50,   25.0
12,09,2016	  72.50,   20.50,   25.6
12,09,2016	  73.50,   20.50,   25.6
13,09,2016	  72.50,   20.50,   25.2
13,09,2016	  73.50,   20.50,   25.2
14,09,2016	  72.50,   20.50,   25.5
14,09,2016	  73.50,   20.50,   25.5
15,09,2016	  72.50,   20.50,   24.9
15,09,2016	  73.50,   20.50,   24.7
16,09,2016	  72.50,   20.50,   24.9
16,09,2016	  73.50,   20.50,   24.8
17,09,2016	  72.50,   20.50,   25.4
17,09,2016	  73.50,   20.50,   25.4
18,09,2016	  72.50,   20.50,   25.5
18,09,2016	  73.50,   20.50,   25.5
19,09,2016	  72.50,   20.50,   26.4
19,09,2016	  73.50,   20.50,   26.5
20,09,2016	  72.50,   20.50,   26.2
20,09,2016	  73.50,   20.50,   26.3
21,09,2016	  72.50,   20.50,   24.9
21,09,2016	  73.50,   20.50,   24.8
22,09,2016	  72.50,   20.50,   25.7
22,09,2016	  73.50,   20.50,   25.4
23,09,2016	  72.50,   20.50,   26.3
23,09,2016	  73.50,   20.50,   26.1
24,09,2016	  72.50,   20.50,   26.3
24,09,2016	  73.50,   20.50,   26.0
25,09,2016	  72.50,   20.50,   25.4
25,09,2016	  73.50,   20.50,   25.3
26,09,2016	  72.50,   20.50,   27.0
26,09,2016	  73.50,   20.50,   27.0
27,09,2016	  72.50,   20.50,   26.9
27,09,2016	  73.50,   20.50,   26.8
28,09,2016	  72.50,   20.50,   26.3
28,09,2016	  73.50,   20.50,   26.2
29,09,2016	  72.50,   20.50,   25.6
29,09,2016	  73.50,   20.50,   25.6
30,09,2016	  72.50,   20.50,   24.8
30,09,2016	  73.50,   20.50,   24.8
01,10,2016	  72.50,   20.50,   25.4
01,10,2016	  73.50,   20.50,   25.1
02,10,2016	  72.50,   20.50,   25.5
02,10,2016	  73.50,   20.50,   25.6
03,10,2016	  72.50,   20.50,   25.7
03,10,2016	  73.50,   20.50,   25.6
04,10,2016	  72.50,   20.50,   25.6
04,10,2016	  73.50,   20.50,   25.5
05,10,2016	  72.50,   20.50,   24.9
05,10,2016	  73.50,   20.50,   25.1
06,10,2016	  72.50,   20.50,   26.0
06,10,2016	  73.50,   20.50,   26.1
07,10,2016	  72.50,   20.50,   26.2
07,10,2016	  73.50,   20.50,   26.3
08,10,2016	  72.50,   20.50,   25.5
08,10,2016	  73.50,   20.50,   25.6
09,10,2016	  72.50,   20.50,   25.8
09,10,2016	  73.50,   20.50,   25.7
10,10,2016	  72.50,   20.50,   25.2
10,10,2016	  73.50,   20.50,   25.0
11,10,2016	  72.50,   20.50,   25.1
11,10,2016	  73.50,   20.50,   25.1
12,10,2016	  72.50,   20.50,   25.3
12,10,2016	  73.50,   20.50,   25.2
13,10,2016	  72.50,   20.50,   24.7
13,10,2016	  73.50,   20.50,   25.1
14,10,2016	  72.50,   20.50,   25.1
14,10,2016	  73.50,   20.50,   25.2
15,10,2016	  72.50,   20.50,   24.3
15,10,2016	  73.50,   20.50,   24.3
16,10,2016	  72.50,   20.50,   24.2
16,10,2016	  73.50,   20.50,   24.1
17,10,2016	  72.50,   20.50,   23.6
17,10,2016	  73.50,   20.50,   23.5
18,10,2016	  72.50,   20.50,   23.9
18,10,2016	  73.50,   20.50,   23.6
19,10,2016	  72.50,   20.50,   24.1
19,10,2016	  73.50,   20.50,   23.9
20,10,2016	  72.50,   20.50,   24.6
20,10,2016	  73.50,   20.50,   24.5
21,10,2016	  72.50,   20.50,   24.3
21,10,2016	  73.50,   20.50,   23.9
22,10,2016	  72.50,   20.50,   24.2
22,10,2016	  73.50,   20.50,   24.0
23,10,2016	  72.50,   20.50,   24.1
23,10,2016	  73.50,   20.50,   23.9
24,10,2016	  72.50,   20.50,   23.7
24,10,2016	  73.50,   20.50,   23.4
25,10,2016	  72.50,   20.50,   23.5
25,10,2016	  73.50,   20.50,   23.2
26,10,2016	  72.50,   20.50,   23.1
26,10,2016	  73.50,   20.50,   22.8
27,10,2016	  72.50,   20.50,   23.7
27,10,2016	  73.50,   20.50,   23.5
28,10,2016	  72.50,   20.50,   24.6
28,10,2016	  73.50,   20.50,   24.6
29,10,2016	  72.50,   20.50,   25.4
29,10,2016	  73.50,   20.50,   25.1
30,10,2016	  72.50,   20.50,   24.3
30,10,2016	  73.50,   20.50,   24.3
31,10,2016	  72.50,   20.50,   24.7
31,10,2016	  73.50,   20.50,   24.6
01,11,2016	  72.50,   20.50,   24.3
01,11,2016	  73.50,   20.50,   24.2
02,11,2016	  72.50,   20.50,   24.2
02,11,2016	  73.50,   20.50,   24.1
03,11,2016	  72.50,   20.50,   24.0
03,11,2016	  73.50,   20.50,   23.8
04,11,2016	  72.50,   20.50,   24.1
04,11,2016	  73.50,   20.50,   24.0
05,11,2016	  72.50,   20.50,   24.0
05,11,2016	  73.50,   20.50,   24.0
06,11,2016	  72.50,   20.50,   24.2
06,11,2016	  73.50,   20.50,   24.1
07,11,2016	  72.50,   20.50,   24.0
07,11,2016	  73.50,   20.50,   23.7
08,11,2016	  72.50,   20.50,   23.6
08,11,2016	  73.50,   20.50,   23.3
09,11,2016	  72.50,   20.50,   22.3
09,11,2016	  73.50,   20.50,   21.8
10,11,2016	  72.50,   20.50,   21.4
10,11,2016	  73.50,   20.50,   21.0
11,11,2016	  72.50,   20.50,   21.5
11,11,2016	  73.50,   20.50,   21.2
12,11,2016	  72.50,   20.50,   22.2
12,11,2016	  73.50,   20.50,   22.0
13,11,2016	  72.50,   20.50,   24.4
13,11,2016	  73.50,   20.50,   24.0
14,11,2016	  72.50,   20.50,   24.6
14,11,2016	  73.50,   20.50,   24.4
15,11,2016	  72.50,   20.50,   25.1
15,11,2016	  73.50,   20.50,   24.9
16,11,2016	  72.50,   20.50,   24.2
16,11,2016	  73.50,   20.50,   24.0
17,11,2016	  72.50,   20.50,   25.3
17,11,2016	  73.50,   20.50,   25.0
18,11,2016	  72.50,   20.50,   23.4
18,11,2016	  73.50,   20.50,   23.0
19,11,2016	  72.50,   20.50,   23.0
19,11,2016	  73.50,   20.50,   22.5
20,11,2016	  72.50,   20.50,   22.6
20,11,2016	  73.50,   20.50,   22.1
21,11,2016	  72.50,   20.50,   22.6
21,11,2016	  73.50,   20.50,   21.9
22,11,2016	  72.50,   20.50,   21.9
22,11,2016	  73.50,   20.50,   21.4
23,11,2016	  72.50,   20.50,   21.4
23,11,2016	  73.50,   20.50,   21.0
24,11,2016	  72.50,   20.50,   21.0
24,11,2016	  73.50,   20.50,   20.8
25,11,2016	  72.50,   20.50,   20.1
25,11,2016	  73.50,   20.50,   20.0
26,11,2016	  72.50,   20.50,   20.6
26,11,2016	  73.50,   20.50,   20.4
27,11,2016	  72.50,   20.50,   20.0
27,11,2016	  73.50,   20.50,   19.7
28,11,2016	  72.50,   20.50,   19.7
28,11,2016	  73.50,   20.50,   19.4
29,11,2016	  72.50,   20.50,   20.5
29,11,2016	  73.50,   20.50,   20.3
30,11,2016	  72.50,   20.50,   21.1
30,11,2016	  73.50,   20.50,   20.8
01,12,2016	  72.50,   20.50,   21.1
01,12,2016	  73.50,   20.50,   20.6
02,12,2016	  72.50,   20.50,   21.8
02,12,2016	  73.50,   20.50,   22.2
03,12,2016	  72.50,   20.50,   22.8
03,12,2016	  73.50,   20.50,   22.7
04,12,2016	  72.50,   20.50,   23.3
04,12,2016	  73.50,   20.50,   23.3
05,12,2016	  72.50,   20.50,   23.5
05,12,2016	  73.50,   20.50,   23.4
06,12,2016	  72.50,   20.50,   23.2
06,12,2016	  73.50,   20.50,   22.8
07,12,2016	  72.50,   20.50,   20.8
07,12,2016	  73.50,   20.50,   20.6
08,12,2016	  72.50,   20.50,   22.8
08,12,2016	  73.50,   20.50,   22.2
09,12,2016	  72.50,   20.50,   21.6
09,12,2016	  73.50,   20.50,   21.0
10,12,2016	  72.50,   20.50,   21.0
10,12,2016	  73.50,   20.50,   20.4
11,12,2016	  72.50,   20.50,   19.5
11,12,2016	  73.50,   20.50,   19.0
12,12,2016	  72.50,   20.50,   22.9
12,12,2016	  73.50,   20.50,   22.4
13,12,2016	  72.50,   20.50,   22.3
13,12,2016	  73.50,   20.50,   21.7
14,12,2016	  72.50,   20.50,   23.4
14,12,2016	  73.50,   20.50,   23.2
15,12,2016	  72.50,   20.50,   23.1
15,12,2016	  73.50,   20.50,   22.9
16,12,2016	  72.50,   20.50,   22.9
16,12,2016	  73.50,   20.50,   22.8
17,12,2016	  72.50,   20.50,   21.8
17,12,2016	  73.50,   20.50,   21.5
18,12,2016	  72.50,   20.50,   21.2
18,12,2016	  73.50,   20.50,   20.8
19,12,2016	  72.50,   20.50,   21.4
19,12,2016	  73.50,   20.50,   20.9
20,12,2016	  72.50,   20.50,   21.7
20,12,2016	  73.50,   20.50,   20.9
21,12,2016	  72.50,   20.50,   22.8
21,12,2016	  73.50,   20.50,   21.9
22,12,2016	  72.50,   20.50,   21.3
22,12,2016	  73.50,   20.50,   20.6
23,12,2016	  72.50,   20.50,   18.8
23,12,2016	  73.50,   20.50,   18.3
24,12,2016	  72.50,   20.50,   18.9
24,12,2016	  73.50,   20.50,   18.6
25,12,2016	  72.50,   20.50,   19.1
25,12,2016	  73.50,   20.50,   18.9
26,12,2016	  72.50,   20.50,   19.6
26,12,2016	  73.50,   20.50,   19.2
27,12,2016	  72.50,   20.50,   21.0
27,12,2016	  73.50,   20.50,   20.6
28,12,2016	  72.50,   20.50,   22.2
28,12,2016	  73.50,   20.50,   21.8
29,12,2016	  72.50,   20.50,   20.9
29,12,2016	  73.50,   20.50,   20.4
30,12,2016	  72.50,   20.50,   20.2
30,12,2016	  73.50,   20.50,   20.0
31,12,2016	  72.50,   20.50,   19.8
31,12,2016	  73.50,   20.50,   19.5
