Latitude,Longitude
24.66818,71.33144
24.66818,71.41106
24.66818,71.49069
24.66818,71.57031
24.66818,71.64994
24.66818,71.72956
24.66818,71.80919
24.66818,71.88882
24.66818,71.96844
24.66818,72.04807
24.66818,72.12769
24.66818,72.20732
24.66818,72.28694
24.66818,72.36657
24.58758,71.25181
24.58758,71.33144
24.58758,71.41106
24.58758,71.49069
24.58758,71.57031
24.58758,71.64994
24.58758,71.72956
24.58758,71.80919
24.58758,71.88882
24.58758,71.96844
24.58758,72.04807
24.58758,72.12769
24.58758,72.20732
24.58758,72.28694
24.58758,72.36657
24.50698,71.25181
24.50698,71.33144
24.50698,71.41106
24.50698,71.49069
24.50698,71.57031
24.50698,71.64994
24.50698,71.72956
24.50698,71.80919
24.50698,71.88882
24.50698,71.96844
24.50698,72.04807
24.50698,72.12769
24.50698,72.20732
24.50698,72.28694
24.50698,72.36657
24.50698,72.44619
24.50698,72.60544
24.50698,72.68507
24.42638,71.33144
24.42638,71.41106
24.42638,71.49069
24.42638,71.57031
24.42638,71.64994
24.42638,71.72956
24.42638,71.80919
24.42638,71.88882
24.42638,71.96844
24.42638,72.04807
24.42638,72.12769
24.42638,72.20732
24.42638,72.28694
24.42638,72.36657
24.42638,72.44619
24.42638,72.52582
24.42638,72.60544
24.42638,72.68507
24.42638,73.00357
24.42638,73.08319
24.42638,73.16282
24.34578,71.25181
24.34578,71.33144
24.34578,71.41106
24.34578,71.49069
24.34578,71.57031
24.34578,71.64994
24.34578,71.72956
24.34578,71.80919
24.34578,71.88882
24.34578,71.96844
24.34578,72.04807
24.34578,72.12769
24.34578,72.20732
24.34578,72.28694
24.34578,72.36657
24.34578,72.44619
24.34578,72.52582
24.34578,72.60544
24.34578,72.68507
24.34578,73.00357
24.34578,73.08319
24.34578,73.16282
24.34578,73.24244
24.26518,71.25181
24.26518,71.33144
24.26518,71.41106
24.26518,71.49069
24.26518,71.57031
24.26518,71.64994
24.26518,71.72956
24.26518,71.80919
24.26518,71.88882
24.26518,71.96844
24.26518,72.04807
24.26518,72.12769
24.26518,72.20732
24.26518,72.28694
24.26518,72.36657
24.26518,72.44619
24.26518,72.52582
24.26518,72.60544
24.26518,72.68507
24.26518,72.76469
24.26518,72.84432
24.26518,72.92394
24.26518,73.00357
24.26518,73.08319
24.26518,73.16282
24.26518,73.24244
24.18458,71.25181
24.18458,71.33144
24.18458,71.41106
24.18458,71.49069
24.18458,71.57031
24.18458,71.64994
24.18458,71.72956
24.18458,71.80919
24.18458,71.88882
24.18458,71.96844
24.18458,72.04807
24.18458,72.12769
24.18458,72.20732
24.18458,72.28694
24.18458,72.36657
24.18458,72.44619
24.18458,72.52582
24.18458,72.60544
24.18458,72.68507
24.18458,72.76469
24.18458,72.84432
24.18458,72.92394
24.18458,73.00357
24.18458,73.08319
24.18458,73.16282
24.10398,71.25181
24.10398,71.33144
24.10398,71.41106
24.10398,71.49069
24.10398,71.57031
24.10398,71.64994
24.10398,71.72956
24.10398,71.80919
24.10398,71.88882
24.10398,71.96844
24.10398,72.04807
24.10398,72.12769
24.10398,72.20732
24.10398,72.28694
24.10398,72.36657
24.10398,72.44619
24.10398,72.52582
24.10398,72.60544
24.10398,72.68507
24.10398,72.76469
24.10398,72.84432
24.10398,72.92394
24.10398,73.00357
24.10398,73.08319
24.10398,73.16282
24.10398,73.24244
24.02338,71.25181
24.02338,71.33144
24.02338,71.41106
24.02338,71.49069
24.02338,71.57031
24.02338,71.64994
24.02338,71.72956
24.02338,71.80919
24.02338,71.88882
24.02338,71.96844
24.02338,72.04807
24.02338,72.12769
24.02338,72.20732
24.02338,72.28694
24.02338,72.36657
24.02338,72.44619
24.02338,72.52582
24.02338,72.60544
24.02338,72.68507
24.02338,72.76469
24.02338,72.84432
24.02338,72.92394
24.02338,73.00357
24.02338,73.08319
24.02338,73.16282
24.02338,73.24244
24.02338,73.32207
24.02338,73.40169
23.94278,70.13706
23.94278,70.21669
23.94278,70.37594
23.94278,70.45556
23.94278,70.53519
23.94278,70.61481
23.94278,70.69444
23.94278,70.77406
23.94278,70.85369
23.94278,71.01294
23.94278,71.09256
23.94278,71.25181
23.94278,71.33144
23.94278,71.41106
23.94278,71.49069
23.94278,71.57031
23.94278,71.64994
23.94278,71.72956
23.94278,71.80919
23.94278,71.88882
23.94278,71.96844
23.94278,72.04807
23.94278,72.12769
23.94278,72.20732
23.94278,72.28694
23.94278,72.36657
23.94278,72.44619
23.94278,72.52582
23.94278,72.60544
23.94278,72.68507
23.94278,72.76469
23.94278,72.84432
23.94278,72.92394
23.94278,73.00357
23.94278,73.08319
23.94278,73.16282
23.94278,73.24244
23.94278,73.32207
23.94278,73.40169
23.86218,70.13706
23.86218,70.21669
23.86218,70.29631
23.86218,70.37594
23.86218,70.45556
23.86218,70.53519
23.86218,70.61481
23.86218,70.69444
23.86218,70.77406
23.86218,70.85369
23.86218,71.01294
23.86218,71.09256
23.86218,71.17219
23.86218,71.25181
23.86218,71.33144
23.86218,71.41106
23.86218,71.49069
23.86218,71.57031
23.86218,71.64994
23.86218,71.72956
23.86218,71.80919
23.86218,71.88882
23.86218,71.96844
23.86218,72.04807
23.86218,72.12769
23.86218,72.20732
23.86218,72.28694
23.86218,72.36657
23.86218,72.44619
23.86218,72.52582
23.86218,72.60544
23.86218,72.68507
23.86218,72.76469
23.86218,72.84432
23.86218,72.92394
23.86218,73.00357
23.86218,73.08319
23.86218,73.16282
23.86218,73.24244
23.86218,73.32207
23.86218,73.40169
23.78158,70.13706
23.78158,70.21669
23.78158,70.29631
23.78158,70.37594
23.78158,70.45556
23.78158,70.53519
23.78158,70.61481
23.78158,70.69444
23.78158,70.77406
23.78158,70.85369
23.78158,71.09256
23.78158,71.17219
23.78158,71.25181
23.78158,71.33144
23.78158,71.41106
23.78158,71.49069
23.78158,71.57031
23.78158,71.64994
23.78158,71.72956
23.78158,71.80919
23.78158,71.88882
23.78158,71.96844
23.78158,72.04807
23.78158,72.12769
23.78158,72.20732
23.78158,72.28694
23.78158,72.36657
23.78158,72.44619
23.78158,72.52582
23.78158,72.60544
23.78158,72.68507
23.78158,72.76469
23.78158,72.84432
23.78158,72.92394
23.78158,73.00357
23.78158,73.08319
23.78158,73.16282
23.78158,73.24244
23.78158,73.32207
23.78158,73.40169
23.78158,73.48132
23.70098,68.70381
23.70098,68.78344
23.70098,69.10194
23.70098,69.18156
23.70098,70.45556
23.70098,70.53519
23.70098,70.61481
23.70098,70.69444
23.70098,70.77406
23.70098,70.85369
23.70098,70.93331
23.70098,71.09256
23.70098,71.17219
23.70098,71.25181
23.70098,71.33144
23.70098,71.41106
23.70098,71.49069
23.70098,71.57031
23.70098,71.64994
23.70098,71.72956
23.70098,71.80919
23.70098,71.88882
23.70098,71.96844
23.70098,72.04807
23.70098,72.12769
23.70098,72.20732
23.70098,72.28694
23.70098,72.36657
23.70098,72.44619
23.70098,72.52582
23.70098,72.60544
23.70098,72.68507
23.70098,72.76469
23.70098,72.84432
23.70098,72.92394
23.70098,73.00357
23.70098,73.08319
23.70098,73.16282
23.70098,73.24244
23.70098,73.32207
23.70098,73.40169
23.70098,73.48132
23.70098,73.56094
23.62038,68.70381
23.62038,68.78344
23.62038,68.94269
23.62038,69.02231
23.62038,69.10194
23.62038,69.18156
23.62038,70.29631
23.62038,70.37594
23.62038,70.45556
23.62038,70.53519
23.62038,70.61481
23.62038,70.69444
23.62038,70.77406
23.62038,70.85369
23.62038,70.93331
23.62038,71.41106
23.62038,71.49069
23.62038,71.57031
23.62038,71.64994
23.62038,71.72956
23.62038,71.80919
23.62038,71.88882
23.62038,71.96844
23.62038,72.04807
23.62038,72.12769
23.62038,72.20732
23.62038,72.28694
23.62038,72.36657
23.62038,72.44619
23.62038,72.52582
23.62038,72.60544
23.62038,72.68507
23.62038,72.76469
23.62038,72.84432
23.62038,72.92394
23.62038,73.00357
23.62038,73.08319
23.62038,73.16282
23.62038,73.24244
23.62038,73.32207
23.62038,73.40169
23.62038,73.48132
23.62038,73.56094
23.62038,73.64057
23.53978,68.94269
23.53978,69.02231
23.53978,69.10194
23.53978,69.18156
23.53978,69.34081
23.53978,69.42044
23.53978,69.50006
23.53978,69.57969
23.53978,69.65931
23.53978,69.73894
23.53978,69.81856
23.53978,70.21669
23.53978,70.29631
23.53978,70.37594
23.53978,70.45556
23.53978,70.53519
23.53978,70.61481
23.53978,70.69444
23.53978,70.77406
23.53978,70.85369
23.53978,70.93331
23.53978,71.01294
23.53978,71.41106
23.53978,71.49069
23.53978,71.57031
23.53978,71.64994
23.53978,71.72956
23.53978,71.80919
23.53978,71.88882
23.53978,71.96844
23.53978,72.04807
23.53978,72.12769
23.53978,72.20732
23.53978,72.28694
23.53978,72.36657
23.53978,72.44619
23.53978,72.52582
23.53978,72.60544
23.53978,72.68507
23.53978,72.76469
23.53978,72.84432
23.53978,72.92394
23.53978,73.00357
23.53978,73.08319
23.53978,73.16282
23.53978,73.24244
23.53978,73.32207
23.53978,73.40169
23.53978,73.48132
23.53978,73.56094
23.53978,73.64057
23.45918,68.62419
23.45918,68.70381
23.45918,68.94269
23.45918,69.02231
23.45918,69.10194
23.45918,69.18156
23.45918,69.34081
23.45918,69.42044
23.45918,69.50006
23.45918,69.57969
23.45918,69.65931
23.45918,69.73894
23.45918,69.81856
23.45918,69.89819
23.45918,69.97781
23.45918,70.13706
23.45918,70.21669
23.45918,70.29631
23.45918,70.37594
23.45918,70.45556
23.45918,70.53519
23.45918,70.61481
23.45918,70.69444
23.45918,70.77406
23.45918,70.85369
23.45918,70.93331
23.45918,71.01294
23.45918,71.49069
23.45918,71.57031
23.45918,71.64994
23.45918,71.72956
23.45918,71.80919
23.45918,71.88882
23.45918,71.96844
23.45918,72.04807
23.45918,72.12769
23.45918,72.20732
23.45918,72.28694
23.45918,72.36657
23.45918,72.44619
23.45918,72.52582
23.45918,72.60544
23.45918,72.68507
23.45918,72.76469
23.45918,72.84432
23.45918,72.92394
23.45918,73.00357
23.45918,73.08319
23.45918,73.16282
23.45918,73.24244
23.45918,73.32207
23.45918,73.40169
23.45918,73.48132
23.45918,73.56094
23.45918,73.64057
23.45918,73.72019
23.45918,73.79982
23.45918,73.87944
23.37858,68.62419
23.37858,68.70381
23.37858,68.78344
23.37858,68.86306
23.37858,68.94269
23.37858,69.02231
23.37858,69.10194
23.37858,69.18156
23.37858,69.26119
23.37858,69.34081
23.37858,69.42044
23.37858,69.50006
23.37858,69.57969
23.37858,69.65931
23.37858,69.73894
23.37858,69.81856
23.37858,69.89819
23.37858,69.97781
23.37858,70.05744
23.37858,70.13706
23.37858,70.21669
23.37858,70.29631
23.37858,70.37594
23.37858,70.45556
23.37858,70.53519
23.37858,70.61481
23.37858,70.69444
23.37858,70.77406
23.37858,70.85369
23.37858,70.93331
23.37858,71.57031
23.37858,71.64994
23.37858,71.72956
23.37858,71.80919
23.37858,71.88882
23.37858,71.96844
23.37858,72.04807
23.37858,72.12769
23.37858,72.20732
23.37858,72.28694
23.37858,72.36657
23.37858,72.44619
23.37858,72.52582
23.37858,72.60544
23.37858,72.68507
23.37858,72.76469
23.37858,72.84432
23.37858,72.92394
23.37858,73.00357
23.37858,73.08319
23.37858,73.16282
23.37858,73.24244
23.37858,73.32207
23.37858,73.40169
23.37858,73.48132
23.37858,73.56094
23.37858,73.64057
23.37858,73.72019
23.37858,73.79982
23.37858,73.87944
23.37858,73.95907
23.29797,68.70381
23.29797,68.78344
23.29797,68.86306
23.29797,68.94269
23.29797,69.02231
23.29797,69.10194
23.29797,69.18156
23.29797,69.26119
23.29797,69.34081
23.29797,69.42044
23.29797,69.50006
23.29797,69.57969
23.29797,69.65931
23.29797,69.73894
23.29797,69.81856
23.29797,69.89819
23.29797,69.97781
23.29797,70.05744
23.29797,70.13706
23.29797,70.21669
23.29797,70.29631
23.29797,70.37594
23.29797,70.45556
23.29797,70.53519
23.29797,70.61481
23.29797,70.69444
23.29797,70.77406
23.29797,70.85369
23.29797,70.93331
23.29797,71.57031
23.29797,71.64994
23.29797,71.72956
23.29797,71.80919
23.29797,71.88882
23.29797,71.96844
23.29797,72.04807
23.29797,72.12769
23.29797,72.20732
23.29797,72.28694
23.29797,72.36657
23.29797,72.44619
23.29797,72.52582
23.29797,72.60544
23.29797,72.68507
23.29797,72.76469
23.29797,72.84432
23.29797,72.92394
23.29797,73.00357
23.29797,73.08319
23.29797,73.16282
23.29797,73.24244
23.29797,73.32207
23.29797,73.40169
23.29797,73.48132
23.29797,73.56094
23.29797,73.64057
23.29797,73.72019
23.29797,73.79982
23.29797,73.87944
23.29797,73.95907
23.29797,74.03869
23.29797,74.11832
23.21737,68.70381
23.21737,68.78344
23.21737,68.86306
23.21737,68.94269
23.21737,69.02231
23.21737,69.10194
23.21737,69.18156
23.21737,69.26119
23.21737,69.34081
23.21737,69.42044
23.21737,69.50006
23.21737,69.57969
23.21737,69.65931
23.21737,69.73894
23.21737,69.81856
23.21737,69.89819
23.21737,69.97781
23.21737,70.05744
23.21737,70.13706
23.21737,70.21669
23.21737,70.29631
23.21737,70.37594
23.21737,70.45556
23.21737,70.53519
23.21737,70.61481
23.21737,70.69444
23.21737,70.77406
23.21737,70.93331
23.21737,71.01294
23.21737,71.09256
23.21737,71.17219
23.21737,71.25181
23.21737,71.33144
23.21737,71.41106
23.21737,71.64994
23.21737,71.72956
23.21737,71.80919
23.21737,71.88882
23.21737,71.96844
23.21737,72.04807
23.21737,72.12769
23.21737,72.20732
23.21737,72.28694
23.21737,72.36657
23.21737,72.44619
23.21737,72.52582
23.21737,72.60544
23.21737,72.68507
23.21737,72.76469
23.21737,72.84432
23.21737,72.92394
23.21737,73.00357
23.21737,73.08319
23.21737,73.16282
23.21737,73.24244
23.21737,73.32207
23.21737,73.40169
23.21737,73.48132
23.21737,73.56094
23.21737,73.64057
23.21737,73.72019
23.21737,73.79982
23.21737,73.87944
23.21737,73.95907
23.21737,74.03869
23.21737,74.11832
23.21737,74.19794
23.21737,74.27757
23.13677,68.70381
23.13677,68.78344
23.13677,68.86306
23.13677,68.94269
23.13677,69.02231
23.13677,69.10194
23.13677,69.18156
23.13677,69.26119
23.13677,69.34081
23.13677,69.42044
23.13677,69.50006
23.13677,69.57969
23.13677,69.65931
23.13677,69.73894
23.13677,69.81856
23.13677,69.89819
23.13677,69.97781
23.13677,70.05744
23.13677,70.13706
23.13677,70.21669
23.13677,70.45556
23.13677,70.53519
23.13677,70.61481
23.13677,70.69444
23.13677,70.77406
23.13677,70.85369
23.13677,70.93331
23.13677,71.01294
23.13677,71.09256
23.13677,71.17219
23.13677,71.25181
23.13677,71.33144
23.13677,71.41106
23.13677,71.49069
23.13677,71.57031
23.13677,71.64994
23.13677,71.72956
23.13677,71.80919
23.13677,71.88882
23.13677,71.96844
23.13677,72.04807
23.13677,72.12769
23.13677,72.20732
23.13677,72.28694
23.13677,72.36657
23.13677,72.44619
23.13677,72.52582
23.13677,72.60544
23.13677,72.68507
23.13677,72.76469
23.13677,72.84432
23.13677,72.92394
23.13677,73.00357
23.13677,73.08319
23.13677,73.16282
23.13677,73.24244
23.13677,73.32207
23.13677,73.40169
23.13677,73.48132
23.13677,73.56094
23.13677,73.64057
23.13677,73.72019
23.13677,73.79982
23.13677,73.87944
23.13677,73.95907
23.13677,74.03869
23.13677,74.11832
23.13677,74.19794
23.13677,74.27757
23.13677,74.35719
23.05617,68.78344
23.05617,68.86306
23.05617,68.94269
23.05617,69.02231
23.05617,69.10194
23.05617,69.18156
23.05617,69.26119
23.05617,69.34081
23.05617,69.42044
23.05617,69.50006
23.05617,69.57969
23.05617,69.65931
23.05617,69.73894
23.05617,69.81856
23.05617,69.89819
23.05617,69.97781
23.05617,70.05744
23.05617,70.53519
23.05617,70.61481
23.05617,70.69444
23.05617,70.77406
23.05617,70.85369
23.05617,70.93331
23.05617,71.01294
23.05617,71.09256
23.05617,71.17219
23.05617,71.25181
23.05617,71.33144
23.05617,71.41106
23.05617,71.49069
23.05617,71.57031
23.05617,71.64994
23.05617,71.72956
23.05617,71.80919
23.05617,71.88882
23.05617,71.96844
23.05617,72.04807
23.05617,72.12769
23.05617,72.20732
23.05617,72.28694
23.05617,72.36657
23.05617,72.44619
23.05617,72.52582
23.05617,72.60544
23.05617,72.68507
23.05617,72.76469
23.05617,72.84432
23.05617,72.92394
23.05617,73.00357
23.05617,73.08319
23.05617,73.16282
23.05617,73.24244
23.05617,73.32207
23.05617,73.40169
23.05617,73.48132
23.05617,73.56094
23.05617,73.64057
23.05617,73.72019
23.05617,73.79982
23.05617,73.87944
23.05617,73.95907
23.05617,74.03869
23.05617,74.11832
23.05617,74.19794
23.05617,74.27757
23.05617,74.35719
22.97557,68.86306
22.97557,68.94269
22.97557,69.02231
22.97557,69.10194
22.97557,69.18156
22.97557,69.26119
22.97557,69.34081
22.97557,69.42044
22.97557,69.50006
22.97557,69.57969
22.97557,69.65931
22.97557,69.73894
22.97557,69.81856
22.97557,69.89819
22.97557,69.97781
22.97557,70.05744
22.97557,70.53519
22.97557,70.61481
22.97557,70.69444
22.97557,70.77406
22.97557,70.85369
22.97557,70.93331
22.97557,71.01294
22.97557,71.09256
22.97557,71.17219
22.97557,71.25181
22.97557,71.33144
22.97557,71.41106
22.97557,71.49069
22.97557,71.57031
22.97557,71.64994
22.97557,71.72956
22.97557,71.80919
22.97557,71.88882
22.97557,71.96844
22.97557,72.04807
22.97557,72.12769
22.97557,72.20732
22.97557,72.28694
22.97557,72.36657
22.97557,72.44619
22.97557,72.52582
22.97557,72.60544
22.97557,72.68507
22.97557,72.76469
22.97557,72.84432
22.97557,72.92394
22.97557,73.00357
22.97557,73.08319
22.97557,73.16282
22.97557,73.24244
22.97557,73.32207
22.97557,73.40169
22.97557,73.48132
22.97557,73.56094
22.97557,73.64057
22.97557,73.72019
22.97557,73.79982
22.97557,73.87944
22.97557,73.95907
22.97557,74.03869
22.97557,74.11832
22.97557,74.19794
22.97557,74.27757
22.89497,69.02231
22.89497,69.10194
22.89497,69.18156
22.89497,69.26119
22.89497,69.34081
22.89497,69.42044
22.89497,69.50006
22.89497,69.57969
22.89497,69.65931
22.89497,69.73894
22.89497,69.81856
22.89497,69.89819
22.89497,69.97781
22.89497,70.05744
22.89497,70.45556
22.89497,70.53519
22.89497,70.61481
22.89497,70.69444
22.89497,70.77406
22.89497,70.85369
22.89497,70.93331
22.89497,71.01294
22.89497,71.09256
22.89497,71.17219
22.89497,71.25181
22.89497,71.33144
22.89497,71.41106
22.89497,71.49069
22.89497,71.57031
22.89497,71.64994
22.89497,71.72956
22.89497,71.80919
22.89497,71.88882
22.89497,71.96844
22.89497,72.04807
22.89497,72.12769
22.89497,72.20732
22.89497,72.28694
22.89497,72.36657
22.89497,72.44619
22.89497,72.52582
22.89497,72.60544
22.89497,72.68507
22.89497,72.76469
22.89497,72.84432
22.89497,72.92394
22.89497,73.00357
22.89497,73.08319
22.89497,73.16282
22.89497,73.24244
22.89497,73.32207
22.89497,73.40169
22.89497,73.48132
22.89497,73.56094
22.89497,73.64057
22.89497,73.72019
22.89497,73.79982
22.89497,73.87944
22.89497,73.95907
22.89497,74.03869
22.89497,74.11832
22.89497,74.19794
22.89497,74.27757
22.89497,74.35719
22.89497,74.43682
22.81437,69.10194
22.81437,69.18156
22.81437,69.26119
22.81437,69.34081
22.81437,69.42044
22.81437,69.50006
22.81437,69.57969
22.81437,69.65931
22.81437,69.73894
22.81437,69.81856
22.81437,70.37594
22.81437,70.45556
22.81437,70.53519
22.81437,70.61481
22.81437,70.69444
22.81437,70.77406
22.81437,70.85369
22.81437,70.93331
22.81437,71.01294
22.81437,71.09256
22.81437,71.17219
22.81437,71.25181
22.81437,71.33144
22.81437,71.41106
22.81437,71.49069
22.81437,71.57031
22.81437,71.64994
22.81437,71.72956
22.81437,71.80919
22.81437,71.88882
22.81437,71.96844
22.81437,72.04807
22.81437,72.12769
22.81437,72.20732
22.81437,72.28694
22.81437,72.36657
22.81437,72.44619
22.81437,72.52582
22.81437,72.60544
22.81437,72.68507
22.81437,72.76469
22.81437,72.84432
22.81437,72.92394
22.81437,73.00357
22.81437,73.08319
22.81437,73.16282
22.81437,73.24244
22.81437,73.32207
22.81437,73.40169
22.81437,73.48132
22.81437,73.56094
22.81437,73.64057
22.81437,73.72019
22.81437,73.79982
22.81437,73.87944
22.81437,73.95907
22.81437,74.03869
22.81437,74.11832
22.81437,74.19794
22.81437,74.27757
22.81437,74.35719
22.81437,74.43682
22.73377,69.57969
22.73377,69.65931
22.73377,70.29631
22.73377,70.37594
22.73377,70.45556
22.73377,70.53519
22.73377,70.61481
22.73377,70.69444
22.73377,70.77406
22.73377,70.85369
22.73377,70.93331
22.73377,71.01294
22.73377,71.09256
22.73377,71.17219
22.73377,71.25181
22.73377,71.33144
22.73377,71.41106
22.73377,71.49069
22.73377,71.57031
22.73377,71.64994
22.73377,71.72956
22.73377,71.80919
22.73377,71.88882
22.73377,71.96844
22.73377,72.04807
22.73377,72.12769
22.73377,72.20732
22.73377,72.28694
22.73377,72.36657
22.73377,72.44619
22.73377,72.52582
22.73377,72.60544
22.73377,72.68507
22.73377,72.76469
22.73377,72.84432
22.73377,72.92394
22.73377,73.00357
22.73377,73.08319
22.73377,73.16282
22.73377,73.24244
22.73377,73.32207
22.73377,73.40169
22.73377,73.48132
22.73377,73.56094
22.73377,73.64057
22.73377,73.72019
22.73377,73.79982
22.73377,73.87944
22.73377,73.95907
22.73377,74.03869
22.73377,74.11832
22.73377,74.19794
22.73377,74.27757
22.73377,74.35719
22.73377,74.43682
22.65317,70.21669
22.65317,70.29631
22.65317,70.37594
22.65317,70.45556
22.65317,70.53519
22.65317,70.61481
22.65317,70.69444
22.65317,70.77406
22.65317,70.85369
22.65317,70.93331
22.65317,71.01294
22.65317,71.09256
22.65317,71.17219
22.65317,71.25181
22.65317,71.33144
22.65317,71.41106
22.65317,71.49069
22.65317,71.57031
22.65317,71.64994
22.65317,71.72956
22.65317,71.80919
22.65317,71.88882
22.65317,71.96844
22.65317,72.04807
22.65317,72.12769
22.65317,72.20732
22.65317,72.28694
22.65317,72.36657
22.65317,72.44619
22.65317,72.52582
22.65317,72.60544
22.65317,72.68507
22.65317,72.76469
22.65317,72.84432
22.65317,72.92394
22.65317,73.00357
22.65317,73.08319
22.65317,73.16282
22.65317,73.24244
22.65317,73.32207
22.65317,73.40169
22.65317,73.48132
22.65317,73.56094
22.65317,73.64057
22.65317,73.72019
22.65317,73.79982
22.65317,73.87944
22.65317,73.95907
22.65317,74.03869
22.65317,74.11832
22.65317,74.19794
22.65317,74.27757
22.65317,74.35719
22.65317,74.43682
22.57257,70.13706
22.57257,70.21669
22.57257,70.29631
22.57257,70.37594
22.57257,70.45556
22.57257,70.53519
22.57257,70.61481
22.57257,70.69444
22.57257,70.77406
22.57257,70.85369
22.57257,70.93331
22.57257,71.01294
22.57257,71.09256
22.57257,71.17219
22.57257,71.25181
22.57257,71.33144
22.57257,71.41106
22.57257,71.49069
22.57257,71.57031
22.57257,71.64994
22.57257,71.72956
22.57257,71.80919
22.57257,71.88882
22.57257,71.96844
22.57257,72.04807
22.57257,72.12769
22.57257,72.20732
22.57257,72.28694
22.57257,72.36657
22.57257,72.44619
22.57257,72.52582
22.57257,72.60544
22.57257,72.68507
22.57257,72.76469
22.57257,72.84432
22.57257,72.92394
22.57257,73.00357
22.57257,73.08319
22.57257,73.16282
22.57257,73.24244
22.57257,73.32207
22.57257,73.40169
22.57257,73.48132
22.57257,73.56094
22.57257,73.64057
22.57257,73.72019
22.57257,73.79982
22.57257,73.87944
22.57257,73.95907
22.57257,74.03869
22.57257,74.11832
22.57257,74.19794
22.57257,74.27757
22.49197,69.89819
22.49197,69.97781
22.49197,70.05744
22.49197,70.13706
22.49197,70.21669
22.49197,70.29631
22.49197,70.37594
22.49197,70.45556
22.49197,70.53519
22.49197,70.61481
22.49197,70.69444
22.49197,70.77406
22.49197,70.85369
22.49197,70.93331
22.49197,71.01294
22.49197,71.09256
22.49197,71.17219
22.49197,71.25181
22.49197,71.33144
22.49197,71.41106
22.49197,71.49069
22.49197,71.57031
22.49197,71.64994
22.49197,71.72956
22.49197,71.80919
22.49197,71.88882
22.49197,71.96844
22.49197,72.04807
22.49197,72.12769
22.49197,72.20732
22.49197,72.28694
22.49197,72.36657
22.49197,72.44619
22.49197,72.52582
22.49197,72.60544
22.49197,72.68507
22.49197,72.76469
22.49197,72.84432
22.49197,72.92394
22.49197,73.00357
22.49197,73.08319
22.49197,73.16282
22.49197,73.24244
22.49197,73.32207
22.49197,73.40169
22.49197,73.48132
22.49197,73.56094
22.49197,73.64057
22.49197,73.72019
22.49197,73.79982
22.49197,73.87944
22.49197,73.95907
22.49197,74.03869
22.49197,74.11832
22.41137,69.02231
22.41137,69.10194
22.41137,69.65931
22.41137,69.73894
22.41137,69.81856
22.41137,69.89819
22.41137,69.97781
22.41137,70.05744
22.41137,70.13706
22.41137,70.21669
22.41137,70.29631
22.41137,70.37594
22.41137,70.45556
22.41137,70.53519
22.41137,70.61481
22.41137,70.69444
22.41137,70.77406
22.41137,70.85369
22.41137,70.93331
22.41137,71.01294
22.41137,71.09256
22.41137,71.17219
22.41137,71.25181
22.41137,71.33144
22.41137,71.41106
22.41137,71.49069
22.41137,71.57031
22.41137,71.64994
22.41137,71.72956
22.41137,71.80919
22.41137,71.88882
22.41137,71.96844
22.41137,72.04807
22.41137,72.12769
22.41137,72.20732
22.41137,72.28694
22.41137,72.36657
22.41137,72.44619
22.41137,72.52582
22.41137,72.60544
22.41137,72.68507
22.41137,72.76469
22.41137,72.84432
22.41137,72.92394
22.41137,73.00357
22.41137,73.08319
22.41137,73.16282
22.41137,73.24244
22.41137,73.32207
22.41137,73.40169
22.41137,73.48132
22.41137,73.56094
22.41137,73.64057
22.41137,73.72019
22.41137,73.79982
22.41137,73.87944
22.41137,73.95907
22.41137,74.03869
22.41137,74.11832
22.41137,74.19794
22.33077,69.02231
22.33077,69.10194
22.33077,69.18156
22.33077,69.26119
22.33077,69.34081
22.33077,69.42044
22.33077,69.50006
22.33077,69.57969
22.33077,69.65931
22.33077,69.73894
22.33077,69.81856
22.33077,69.89819
22.33077,69.97781
22.33077,70.05744
22.33077,70.13706
22.33077,70.21669
22.33077,70.29631
22.33077,70.37594
22.33077,70.45556
22.33077,70.53519
22.33077,70.61481
22.33077,70.69444
22.33077,70.77406
22.33077,70.85369
22.33077,70.93331
22.33077,71.01294
22.33077,71.09256
22.33077,71.17219
22.33077,71.25181
22.33077,71.33144
22.33077,71.41106
22.33077,71.49069
22.33077,71.57031
22.33077,71.64994
22.33077,71.72956
22.33077,71.80919
22.33077,71.88882
22.33077,71.96844
22.33077,72.04807
22.33077,72.12769
22.33077,72.20732
22.33077,72.28694
22.33077,72.36657
22.33077,72.44619
22.33077,72.52582
22.33077,72.60544
22.33077,72.68507
22.33077,72.76469
22.33077,72.84432
22.33077,72.92394
22.33077,73.00357
22.33077,73.08319
22.33077,73.16282
22.33077,73.24244
22.33077,73.32207
22.33077,73.40169
22.33077,73.48132
22.33077,73.56094
22.33077,73.64057
22.33077,73.72019
22.33077,73.79982
22.33077,73.87944
22.33077,73.95907
22.33077,74.03869
22.33077,74.11832
22.33077,74.19794
22.25017,69.02231
22.25017,69.10194
22.25017,69.18156
22.25017,69.26119
22.25017,69.34081
22.25017,69.42044
22.25017,69.50006
22.25017,69.57969
22.25017,69.65931
22.25017,69.73894
22.25017,69.81856
22.25017,69.89819
22.25017,69.97781
22.25017,70.05744
22.25017,70.13706
22.25017,70.21669
22.25017,70.29631
22.25017,70.37594
22.25017,70.45556
22.25017,70.53519
22.25017,70.61481
22.25017,70.69444
22.25017,70.77406
22.25017,70.85369
22.25017,70.93331
22.25017,71.01294
22.25017,71.09256
22.25017,71.17219
22.25017,71.25181
22.25017,71.33144
22.25017,71.41106
22.25017,71.49069
22.25017,71.57031
22.25017,71.64994
22.25017,71.72956
22.25017,71.80919
22.25017,71.88882
22.25017,71.96844
22.25017,72.04807
22.25017,72.12769
22.25017,72.20732
22.25017,72.28694
22.25017,72.36657
22.25017,72.44619
22.25017,72.52582
22.25017,72.60544
22.25017,72.68507
22.25017,72.76469
22.25017,72.84432
22.25017,72.92394
22.25017,73.00357
22.25017,73.08319
22.25017,73.16282
22.25017,73.24244
22.25017,73.32207
22.25017,73.40169
22.25017,73.48132
22.25017,73.56094
22.25017,73.64057
22.25017,73.72019
22.25017,73.79982
22.25017,73.87944
22.25017,73.95907
22.25017,74.03869
22.25017,74.11832
22.16957,69.18156
22.16957,69.26119
22.16957,69.34081
22.16957,69.42044
22.16957,69.50006
22.16957,69.57969
22.16957,69.65931
22.16957,69.73894
22.16957,69.81856
22.16957,69.89819
22.16957,69.97781
22.16957,70.05744
22.16957,70.13706
22.16957,70.21669
22.16957,70.29631
22.16957,70.37594
22.16957,70.45556
22.16957,70.53519
22.16957,70.61481
22.16957,70.69444
22.16957,70.77406
22.16957,70.85369
22.16957,70.93331
22.16957,71.01294
22.16957,71.09256
22.16957,71.17219
22.16957,71.25181
22.16957,71.33144
22.16957,71.41106
22.16957,71.49069
22.16957,71.57031
22.16957,71.64994
22.16957,71.72956
22.16957,71.80919
22.16957,71.88882
22.16957,71.96844
22.16957,72.04807
22.16957,72.12769
22.16957,72.20732
22.16957,72.52582
22.16957,72.60544
22.16957,72.68507
22.16957,72.76469
22.16957,72.84432
22.16957,72.92394
22.16957,73.00357
22.16957,73.08319
22.16957,73.16282
22.16957,73.24244
22.16957,73.32207
22.16957,73.40169
22.16957,73.48132
22.16957,73.56094
22.16957,73.64057
22.16957,73.72019
22.16957,73.79982
22.16957,73.87944
22.16957,73.95907
22.16957,74.03869
22.16957,74.11832
22.16957,74.19794
22.08897,69.18156
22.08897,69.26119
22.08897,69.34081
22.08897,69.42044
22.08897,69.50006
22.08897,69.57969
22.08897,69.65931
22.08897,69.73894
22.08897,69.81856
22.08897,69.89819
22.08897,69.97781
22.08897,70.05744
22.08897,70.13706
22.08897,70.21669
22.08897,70.29631
22.08897,70.37594
22.08897,70.45556
22.08897,70.53519
22.08897,70.61481
22.08897,70.69444
22.08897,70.77406
22.08897,70.85369
22.08897,70.93331
22.08897,71.01294
22.08897,71.09256
22.08897,71.17219
22.08897,71.25181
22.08897,71.33144
22.08897,71.41106
22.08897,71.49069
22.08897,71.57031
22.08897,71.64994
22.08897,71.72956
22.08897,71.80919
22.08897,71.88882
22.08897,71.96844
22.08897,72.04807
22.08897,72.12769
22.08897,72.20732
22.08897,72.52582
22.08897,72.60544
22.08897,72.68507
22.08897,72.76469
22.08897,72.84432
22.08897,72.92394
22.08897,73.00357
22.08897,73.08319
22.08897,73.16282
22.08897,73.24244
22.08897,73.32207
22.08897,73.40169
22.08897,73.48132
22.08897,73.56094
22.08897,73.64057
22.08897,73.72019
22.08897,73.79982
22.08897,73.87944
22.08897,73.95907
22.08897,74.03869
22.08897,74.11832
22.08897,74.19794
22.00837,69.18156
22.00837,69.26119
22.00837,69.34081
22.00837,69.42044
22.00837,69.50006
22.00837,69.57969
22.00837,69.65931
22.00837,69.73894
22.00837,69.81856
22.00837,69.89819
22.00837,69.97781
22.00837,70.05744
22.00837,70.13706
22.00837,70.21669
22.00837,70.29631
22.00837,70.37594
22.00837,70.45556
22.00837,70.53519
22.00837,70.61481
22.00837,70.69444
22.00837,70.77406
22.00837,70.85369
22.00837,70.93331
22.00837,71.01294
22.00837,71.09256
22.00837,71.17219
22.00837,71.25181
22.00837,71.33144
22.00837,71.41106
22.00837,71.49069
22.00837,71.57031
22.00837,71.64994
22.00837,71.72956
22.00837,71.80919
22.00837,71.88882
22.00837,71.96844
22.00837,72.04807
22.00837,72.12769
22.00837,72.20732
22.00837,72.60544
22.00837,72.68507
22.00837,72.76469
22.00837,72.84432
22.00837,72.92394
22.00837,73.00357
22.00837,73.08319
22.00837,73.16282
22.00837,73.24244
22.00837,73.32207
22.00837,73.40169
22.00837,73.48132
22.00837,73.56094
22.00837,73.64057
22.00837,73.72019
22.00837,73.79982
22.00837,73.87944
22.00837,73.95907
22.00837,74.03869
22.00837,74.11832
22.00837,74.19794
21.92777,69.26119
21.92777,69.34081
21.92777,69.42044
21.92777,69.50006
21.92777,69.57969
21.92777,69.65931
21.92777,69.73894
21.92777,69.81856
21.92777,69.89819
21.92777,69.97781
21.92777,70.05744
21.92777,70.13706
21.92777,70.21669
21.92777,70.29631
21.92777,70.37594
21.92777,70.45556
21.92777,70.53519
21.92777,70.61481
21.92777,70.69444
21.92777,70.77406
21.92777,70.85369
21.92777,70.93331
21.92777,71.01294
21.92777,71.09256
21.92777,71.17219
21.92777,71.25181
21.92777,71.33144
21.92777,71.41106
21.92777,71.49069
21.92777,71.57031
21.92777,71.64994
21.92777,71.72956
21.92777,71.80919
21.92777,71.88882
21.92777,71.96844
21.92777,72.04807
21.92777,72.12769
21.92777,72.20732
21.92777,72.60544
21.92777,72.68507
21.92777,72.76469
21.92777,72.84432
21.92777,72.92394
21.92777,73.00357
21.92777,73.08319
21.92777,73.16282
21.92777,73.24244
21.92777,73.32207
21.92777,73.40169
21.92777,73.48132
21.92777,73.56094
21.92777,73.64057
21.92777,73.72019
21.92777,73.79982
21.92777,73.87944
21.84717,69.26119
21.84717,69.34081
21.84717,69.42044
21.84717,69.50006
21.84717,69.57969
21.84717,69.65931
21.84717,69.73894
21.84717,69.81856
21.84717,69.89819
21.84717,69.97781
21.84717,70.05744
21.84717,70.13706
21.84717,70.21669
21.84717,70.29631
21.84717,70.37594
21.84717,70.45556
21.84717,70.53519
21.84717,70.61481
21.84717,70.69444
21.84717,70.77406
21.84717,70.85369
21.84717,70.93331
21.84717,71.01294
21.84717,71.09256
21.84717,71.17219
21.84717,71.25181
21.84717,71.33144
21.84717,71.41106
21.84717,71.49069
21.84717,71.57031
21.84717,71.64994
21.84717,71.72956
21.84717,71.80919
21.84717,71.88882
21.84717,71.96844
21.84717,72.04807
21.84717,72.12769
21.84717,72.20732
21.84717,72.60544
21.84717,72.68507
21.84717,72.76469
21.84717,72.84432
21.84717,72.92394
21.84717,73.00357
21.84717,73.08319
21.84717,73.16282
21.84717,73.24244
21.84717,73.32207
21.84717,73.40169
21.84717,73.48132
21.84717,73.56094
21.84717,73.64057
21.84717,73.72019
21.84717,73.79982
21.84717,73.87944
21.76657,69.34081
21.76657,69.42044
21.76657,69.50006
21.76657,69.57969
21.76657,69.65931
21.76657,69.73894
21.76657,69.81856
21.76657,69.89819
21.76657,69.97781
21.76657,70.05744
21.76657,70.13706
21.76657,70.21669
21.76657,70.29631
21.76657,70.37594
21.76657,70.45556
21.76657,70.53519
21.76657,70.61481
21.76657,70.69444
21.76657,70.77406
21.76657,70.85369
21.76657,70.93331
21.76657,71.01294
21.76657,71.09256
21.76657,71.17219
21.76657,71.25181
21.76657,71.33144
21.76657,71.41106
21.76657,71.49069
21.76657,71.57031
21.76657,71.64994
21.76657,71.72956
21.76657,71.80919
21.76657,71.88882
21.76657,71.96844
21.76657,72.04807
21.76657,72.12769
21.76657,72.20732
21.76657,72.28694
21.76657,72.60544
21.76657,72.68507
21.76657,72.76469
21.76657,72.84432
21.76657,72.92394
21.76657,73.00357
21.76657,73.08319
21.76657,73.16282
21.76657,73.24244
21.76657,73.32207
21.76657,73.40169
21.76657,73.48132
21.76657,73.56094
21.76657,73.64057
21.76657,73.72019
21.76657,73.79982
21.76657,73.87944
21.68597,69.42044
21.68597,69.50006
21.68597,69.57969
21.68597,69.65931
21.68597,69.73894
21.68597,69.81856
21.68597,69.89819
21.68597,69.97781
21.68597,70.05744
21.68597,70.13706
21.68597,70.21669
21.68597,70.29631
21.68597,70.37594
21.68597,70.45556
21.68597,70.53519
21.68597,70.61481
21.68597,70.69444
21.68597,70.77406
21.68597,70.85369
21.68597,70.93331
21.68597,71.01294
21.68597,71.09256
21.68597,71.17219
21.68597,71.25181
21.68597,71.33144
21.68597,71.41106
21.68597,71.49069
21.68597,71.57031
21.68597,71.64994
21.68597,71.72956
21.68597,71.80919
21.68597,71.88882
21.68597,71.96844
21.68597,72.04807
21.68597,72.12769
21.68597,72.20732
21.68597,72.28694
21.68597,72.36657
21.68597,72.60544
21.68597,72.68507
21.68597,72.76469
21.68597,72.84432
21.68597,72.92394
21.68597,73.00357
21.68597,73.08319
21.68597,73.16282
21.68597,73.24244
21.68597,73.32207
21.68597,73.40169
21.68597,73.48132
21.68597,73.56094
21.68597,73.64057
21.68597,73.72019
21.68597,73.79982
21.68597,73.87944
21.60537,69.57969
21.60537,69.65931
21.60537,69.73894
21.60537,69.81856
21.60537,69.89819
21.60537,69.97781
21.60537,70.05744
21.60537,70.13706
21.60537,70.21669
21.60537,70.29631
21.60537,70.37594
21.60537,70.45556
21.60537,70.53519
21.60537,70.61481
21.60537,70.69444
21.60537,70.77406
21.60537,70.85369
21.60537,70.93331
21.60537,71.01294
21.60537,71.09256
21.60537,71.17219
21.60537,71.25181
21.60537,71.33144
21.60537,71.41106
21.60537,71.49069
21.60537,71.57031
21.60537,71.64994
21.60537,71.72956
21.60537,71.80919
21.60537,71.88882
21.60537,71.96844
21.60537,72.04807
21.60537,72.12769
21.60537,72.20732
21.60537,72.28694
21.60537,72.36657
21.60537,72.68507
21.60537,72.76469
21.60537,72.84432
21.60537,72.92394
21.60537,73.00357
21.60537,73.08319
21.60537,73.16282
21.60537,73.24244
21.60537,73.32207
21.60537,73.40169
21.60537,73.48132
21.60537,73.56094
21.60537,73.64057
21.60537,73.72019
21.60537,73.79982
21.60537,73.87944
21.60537,73.95907
21.60537,74.03869
21.60537,74.11832
21.60537,74.19794
21.60537,74.27757
21.60537,74.35719
21.52477,69.65931
21.52477,69.73894
21.52477,69.81856
21.52477,69.89819
21.52477,69.97781
21.52477,70.05744
21.52477,70.13706
21.52477,70.21669
21.52477,70.29631
21.52477,70.37594
21.52477,70.45556
21.52477,70.53519
21.52477,70.61481
21.52477,70.69444
21.52477,70.77406
21.52477,70.85369
21.52477,70.93331
21.52477,71.01294
21.52477,71.09256
21.52477,71.17219
21.52477,71.25181
21.52477,71.33144
21.52477,71.41106
21.52477,71.49069
21.52477,71.57031
21.52477,71.64994
21.52477,71.72956
21.52477,71.80919
21.52477,71.88882
21.52477,71.96844
21.52477,72.04807
21.52477,72.12769
21.52477,72.20732
21.52477,72.28694
21.52477,72.60544
21.52477,72.68507
21.52477,72.76469
21.52477,72.84432
21.52477,72.92394
21.52477,73.00357
21.52477,73.08319
21.52477,73.16282
21.52477,73.24244
21.52477,73.32207
21.52477,73.40169
21.52477,73.48132
21.52477,73.56094
21.52477,73.64057
21.52477,73.72019
21.52477,73.79982
21.52477,73.87944
21.52477,73.95907
21.52477,74.03869
21.52477,74.11832
21.52477,74.19794
21.52477,74.27757
21.52477,74.35719
21.44416,69.65931
21.44416,69.73894
21.44416,69.81856
21.44416,69.89819
21.44416,69.97781
21.44416,70.05744
21.44416,70.13706
21.44416,70.21669
21.44416,70.29631
21.44416,70.37594
21.44416,70.45556
21.44416,70.53519
21.44416,70.61481
21.44416,70.69444
21.44416,70.77406
21.44416,70.85369
21.44416,70.93331
21.44416,71.01294
21.44416,71.09256
21.44416,71.17219
21.44416,71.25181
21.44416,71.33144
21.44416,71.41106
21.44416,71.49069
21.44416,71.57031
21.44416,71.64994
21.44416,71.72956
21.44416,71.80919
21.44416,71.88882
21.44416,71.96844
21.44416,72.04807
21.44416,72.12769
21.44416,72.20732
21.44416,72.28694
21.44416,72.60544
21.44416,72.68507
21.44416,72.76469
21.44416,72.84432
21.44416,72.92394
21.44416,73.00357
21.44416,73.08319
21.44416,73.16282
21.44416,73.24244
21.44416,73.32207
21.44416,73.40169
21.44416,73.48132
21.44416,73.56094
21.44416,73.64057
21.44416,73.72019
21.44416,73.79982
21.44416,73.87944
21.44416,73.95907
21.44416,74.03869
21.44416,74.11832
21.44416,74.19794
21.44416,74.27757
21.44416,74.35719
21.36356,69.81856
21.36356,69.89819
21.36356,69.97781
21.36356,70.05744
21.36356,70.13706
21.36356,70.21669
21.36356,70.29631
21.36356,70.37594
21.36356,70.45556
21.36356,70.53519
21.36356,70.61481
21.36356,70.69444
21.36356,70.77406
21.36356,70.85369
21.36356,70.93331
21.36356,71.01294
21.36356,71.09256
21.36356,71.17219
21.36356,71.25181
21.36356,71.33144
21.36356,71.41106
21.36356,71.49069
21.36356,71.57031
21.36356,71.64994
21.36356,71.72956
21.36356,71.80919
21.36356,71.88882
21.36356,71.96844
21.36356,72.04807
21.36356,72.12769
21.36356,72.20732
21.36356,72.60544
21.36356,72.68507
21.36356,72.76469
21.36356,72.84432
21.36356,72.92394
21.36356,73.00357
21.36356,73.08319
21.36356,73.16282
21.36356,73.24244
21.36356,73.32207
21.36356,73.40169
21.36356,73.48132
21.36356,73.56094
21.36356,73.64057
21.36356,73.72019
21.36356,73.79982
21.36356,73.87944
21.36356,73.95907
21.36356,74.03869
21.28296,69.81856
21.28296,69.89819
21.28296,69.97781
21.28296,70.05744
21.28296,70.13706
21.28296,70.21669
21.28296,70.29631
21.28296,70.37594
21.28296,70.45556
21.28296,70.53519
21.28296,70.61481
21.28296,70.69444
21.28296,70.77406
21.28296,70.85369
21.28296,70.93331
21.28296,71.01294
21.28296,71.09256
21.28296,71.17219
21.28296,71.25181
21.28296,71.33144
21.28296,71.41106
21.28296,71.49069
21.28296,71.57031
21.28296,71.64994
21.28296,71.72956
21.28296,71.80919
21.28296,71.88882
21.28296,71.96844
21.28296,72.04807
21.28296,72.12769
21.28296,72.60544
21.28296,72.68507
21.28296,72.76469
21.28296,72.84432
21.28296,72.92394
21.28296,73.00357
21.28296,73.08319
21.28296,73.16282
21.28296,73.24244
21.28296,73.32207
21.28296,73.40169
21.28296,73.48132
21.28296,73.56094
21.28296,73.64057
21.28296,73.72019
21.28296,73.79982
21.28296,73.87944
21.28296,73.95907
21.20236,69.89819
21.20236,69.97781
21.20236,70.05744
21.20236,70.13706
21.20236,70.21669
21.20236,70.29631
21.20236,70.37594
21.20236,70.45556
21.20236,70.53519
21.20236,70.61481
21.20236,70.69444
21.20236,70.77406
21.20236,70.85369
21.20236,70.93331
21.20236,71.01294
21.20236,71.09256
21.20236,71.17219
21.20236,71.25181
21.20236,71.33144
21.20236,71.41106
21.20236,71.49069
21.20236,71.57031
21.20236,71.64994
21.20236,71.72956
21.20236,71.80919
21.20236,71.88882
21.20236,71.96844
21.20236,72.04807
21.20236,72.12769
21.20236,72.60544
21.20236,72.68507
21.20236,72.76469
21.20236,72.84432
21.20236,72.92394
21.20236,73.00357
21.20236,73.08319
21.20236,73.16282
21.20236,73.24244
21.20236,73.32207
21.20236,73.40169
21.20236,73.48132
21.20236,73.56094
21.20236,73.64057
21.20236,73.72019
21.20236,73.79982
21.20236,73.87944
21.12176,69.97781
21.12176,70.05744
21.12176,70.13706
21.12176,70.21669
21.12176,70.29631
21.12176,70.37594
21.12176,70.45556
21.12176,70.53519
21.12176,70.61481
21.12176,70.69444
21.12176,71.01294
21.12176,71.09256
21.12176,71.17219
21.12176,71.25181
21.12176,71.33144
21.12176,71.41106
21.12176,71.49069
21.12176,71.57031
21.12176,71.64994
21.12176,71.72956
21.12176,71.80919
21.12176,71.88882
21.12176,71.96844
21.12176,72.04807
21.12176,72.12769
21.12176,72.60544
21.12176,72.68507
21.12176,72.76469
21.12176,72.84432
21.12176,72.92394
21.12176,73.00357
21.12176,73.08319
21.12176,73.16282
21.12176,73.24244
21.12176,73.32207
21.12176,73.40169
21.12176,73.48132
21.12176,73.56094
21.12176,73.64057
21.12176,73.72019
21.12176,73.79982
21.12176,73.87944
21.04116,70.13706
21.04116,70.21669
21.04116,70.29631
21.04116,70.37594
21.04116,70.45556
21.04116,70.53519
21.04116,70.61481
21.04116,70.69444
21.04116,70.77406
21.04116,70.85369
21.04116,70.93331
21.04116,71.01294
21.04116,71.09256
21.04116,71.17219
21.04116,71.25181
21.04116,71.33144
21.04116,71.41106
21.04116,71.49069
21.04116,71.57031
21.04116,71.64994
21.04116,71.72956
21.04116,71.80919
21.04116,71.88882
21.04116,72.68507
21.04116,72.76469
21.04116,72.84432
21.04116,72.92394
21.04116,73.00357
21.04116,73.08319
21.04116,73.16282
21.04116,73.24244
21.04116,73.32207
21.04116,73.40169
21.04116,73.48132
21.04116,73.56094
21.04116,73.64057
21.04116,73.72019
21.04116,73.79982
20.96056,70.13706
20.96056,70.21669
20.96056,70.29631
20.96056,70.37594
20.96056,70.45556
20.96056,70.53519
20.96056,70.61481
20.96056,70.69444
20.96056,70.77406
20.96056,70.85369
20.96056,70.93331
20.96056,71.01294
20.96056,71.09256
20.96056,71.17219
20.96056,71.25181
20.96056,71.33144
20.96056,71.41106
20.96056,71.49069
20.96056,71.57031
20.96056,71.64994
20.96056,71.72956
20.96056,71.80919
20.96056,72.68507
20.96056,72.76469
20.96056,72.84432
20.96056,72.92394
20.96056,73.00357
20.96056,73.08319
20.96056,73.16282
20.96056,73.24244
20.96056,73.32207
20.96056,73.40169
20.96056,73.48132
20.96056,73.56094
20.96056,73.64057
20.96056,73.72019
20.96056,73.79982
20.96056,73.87944
20.87996,70.29631
20.87996,70.37594
20.87996,70.45556
20.87996,70.53519
20.87996,70.61481
20.87996,70.69444
20.87996,70.77406
20.87996,70.85369
20.87996,70.93331
20.87996,71.01294
20.87996,71.09256
20.87996,71.17219
20.87996,71.25181
20.87996,71.33144
20.87996,71.41106
20.87996,71.49069
20.87996,72.76469
20.87996,72.84432
20.87996,72.92394
20.87996,73.00357
20.87996,73.08319
20.87996,73.16282
20.87996,73.24244
20.87996,73.32207
20.87996,73.40169
20.87996,73.48132
20.87996,73.56094
20.87996,73.79982
20.87996,73.87944
20.79936,70.37594
20.79936,70.45556
20.79936,70.53519
20.79936,70.61481
20.79936,70.69444
20.79936,70.77406
20.79936,70.85369
20.79936,70.93331
20.79936,71.01294
20.79936,71.09256
20.79936,71.17219
20.79936,71.25181
20.79936,71.33144
20.79936,71.41106
20.79936,72.84432
20.79936,72.92394
20.79936,73.00357
20.79936,73.08319
20.79936,73.16282
20.79936,73.24244
20.79936,73.32207
20.79936,73.40169
20.79936,73.48132
20.79936,73.56094
20.79936,73.72019
20.79936,73.79982
20.79936,73.87944
20.71876,70.53519
20.71876,70.61481
20.71876,70.69444
20.71876,70.77406
20.71876,70.85369
20.71876,70.93331
20.71876,71.01294
20.71876,71.09256
20.71876,71.17219
20.71876,72.84432
20.71876,72.92394
20.71876,73.00357
20.71876,73.08319
20.71876,73.16282
20.71876,73.24244
20.71876,73.32207
20.71876,73.40169
20.71876,73.48132
20.71876,73.56094
20.71876,73.64057
20.71876,73.72019
20.71876,73.79982
20.63816,72.84432
20.63816,72.92394
20.63816,73.00357
20.63816,73.08319
20.63816,73.16282
20.63816,73.24244
20.63816,73.32207
20.63816,73.40169
20.63816,73.48132
20.63816,73.56094
20.63816,73.64057
20.55756,72.84432
20.55756,72.92394
20.55756,73.00357
20.55756,73.08319
20.55756,73.16282
20.55756,73.24244
20.55756,73.32207
20.55756,73.40169
20.55756,73.48132
20.47696,72.84432
20.47696,72.92394
20.47696,73.00357
20.47696,73.08319
20.47696,73.16282
20.47696,73.24244
20.47696,73.32207
20.47696,73.40169
20.47696,73.48132
20.39636,72.76469
20.39636,72.84432
20.39636,72.92394
20.39636,73.00357
20.39636,73.08319
20.39636,73.16282
20.39636,73.24244
20.39636,73.32207
20.31576,72.68507
20.31576,72.76469
20.31576,72.84432
20.31576,72.92394
20.31576,73.00357
20.31576,73.08319
20.31576,73.16282
20.31576,73.24244
20.31576,73.32207
20.31576,73.40169
20.31576,73.48132
20.23516,72.68507
20.23516,72.76469
20.23516,72.84432
20.23516,72.92394
20.23516,73.00357
20.23516,73.08319
20.23516,73.16282
20.23516,73.24244
20.23516,73.32207
20.23516,73.40169
20.23516,73.48132
20.15456,72.68507
20.15456,72.76469
20.15456,72.84432
20.15456,72.92394
20.15456,73.00357
20.15456,73.08319
20.15456,73.16282
